0.0488872
-0.0208569
-0.0176481
0.00489923
0.00708953
0.0028592
-0.0559908
-0.0415131
0.0427834
0.0379996
-0.0224419
-0.0100793
0.022635
0.0243831
0.0263856
-0.0353799
-0.0169436
0.0373286
0.0511319
-0.01242
0.000604502
0.0162603
0.0209171
0.0202846
-0.0430078
-0.0213496
0.0469357
0.0286737
-0.0278773
0.0021168
0.0302932
0.0345028
0.0441246
-0.01332
0.00618517
0.033983
0.0197865
-0.0086542
0.00610769
0.00664493
0.0152542
0.0152828
-0.0238013
-0.0222024
0.0284557
0.00922597
0.00666037
0.0179491
0.017137
0.0128444
0.00426009
-0.039796
-0.0395774
-0.00205026
0.0142198
-0.0241072
0.0129531
0.00763401
0.0161888
0.0187169
-0.00701483
-0.0120726
0.0287474
0.0221922
-0.00598745
0.0178307
0.00816314
-0.000848106
0.00120026
-0.0218891
-0.0378723
0.0186615
-0.00867098
-0.00198392
-0.00607052
0.0242923
0.0191924
0.02388
-0.0232663
-0.0161569
-0.0120225
-0.0163831
-0.00510787
-0.012471
0.000929818
-0.00513524
0.00040728
-0.00281741
0.00288592
-0.00210244
0.0183918
-0.0151452
-0.0113414
0.0167888
0.0175666
0.0222478
-0.010972
-0.0122283
0.0110975
0.0030192
-0.0212095
-0.012526
-0.00213597
-0.00282978
0.0100915
-0.00141877
-0.0040787
-0.00270897
-0.00643842
-0.0007207
-0.00501464
0.00452223
-0.00358009
-0.00416979
-0.00420907
0.018289
0.00825314
-0.00741928
-0.00605805
-0.000972643
0.00055925
-0.016569
-0.00956715
-0.02566
0.00725337
0.00100774
-0.0180515
-0.00659125
0.00615062
0.0254581
0.00571381
0.0210175
0.00793095
0.00435503
-0.00182276
-0.0186475
-0.0196092
0.00554115
0.0245357
-0.00399873
0.00964753
-0.0127322
0.0130471
0.000475188
-0.0178399
0.0032181
0.0332738
0.0250046
0.00497436
-0.00809486
-0.00581521
0.0232561
0.0153509
-0.0317826
-0.0195986
-0.000991502
0.0313376
0.00403864
-0.00614345
-0.0116974
-0.00336585
-0.0168417
-0.0173033
0.000878302
0.0315396
0.0337835
0.0173816
0.00310538
-0.0129213
0.0053675
-0.00316148
-0.0170149
-0.0106982
0.00984383
0.0253614
0.00536397
0.00280957
-0.0258217
-0.00575992
-0.00444364
-0.0153909
-0.0263429
-0.0214955
0.0179793
0.00912744
0.00169222
-0.0218349
-0.000995945
-0.0061828
-0.00617396
0.00112713
-0.0165528
0.0162727
-0.010322
-0.00427732
-0.0340193
-0.0140358
-0.0205772
0.00724338
-0.00277837
-0.0220019
-0.000584508
0.00738195
0.00507465
-0.0301154
-0.0075462
0.00908621
-0.00222128
0.0040386
-0.0169809
0.0106127
0.00713628
0.00918145
-0.00869873
-0.00250206
-0.0138119
-0.0200378
0.0112184
0.00857779
0.0502561
0.0264221
0.0195037
-0.0069802
-0.00563015
-0.0228539
-0.0221564
0.0154308
0.00183775
0.0325998
0.0087687
-0.00634473
-0.0332996
-0.0149723
-0.0153289
-0.0159902
0.0147604
0.0143304
0.0467923
0.0229037
0.0229668
0.00139812
0.0197128
-0.0084978
-0.020171
0.0129774
0.0175876
0.0440229
0.00877418
-0.00139935
-0.0304662
-0.00216974
-0.0041261
0.00587713
0.0151094
-0.00091822
0.0276453
0.00105304
-0.0103364
-0.0430443
-0.00702333
0.0120983
-0.0243053
-0.0102502
0.00279707
0.0232044
0.0183555
0.00954195
-0.027235
-0.00260245
-0.011849
-0.00421767
0.0176858
0.0228763
0.0330165
0.0041681
-0.00897341
-0.0403475
-0.000322874
-0.00999518
-0.00867784
0.0092202
0.0139867
0.0177863
0.0074765
0.017179
-0.0143105
-0.0021307
-0.01325
-0.0312245
-0.00886231
0.012971
0.0304898
0.0314589
-0.00225644
-0.0415266
-0.0220841
-0.0191606
-0.0246601
-0.00441312
-0.00422256
0.0321749
0.0189397
-0.00134017
-0.0431513
-0.0162264
-0.0341932
-0.0135783
-0.0214683
-0.00424863
0.0201581
0.0157984
0.0113989
-0.0111627
-0.0136128
-0.0162315
-0.0162314
-0.0110081
-0.0137516
0.0330391
0.0329482
0.0170327
-0.0224131
-0.000574438
-0.0144967
-0.0193632
-0.0123459
-0.0202727
0.0258537
0.0171035
-0.0088457
-0.0201189
0.0111558
-0.0254903
-0.0177815
-0.014139
-0.0103377
-0.00453879
-0.0132158
-0.0275027
-0.0335462
0.00958856
0.00688873
-0.020347
0.00432082
-0.00487042
0.0417693
0.02599
0.000281749
-0.0187923
-0.00297439
-0.0165871
-0.0194654
0.00401709
0.0104804
0.0169313
-0.0150023
-0.0220206
-0.0253417
0.0149691
-0.00544377
-0.0279972
-0.017399
-0.00945113
0.00235047
-0.00287531
-0.0198606
-0.0407144
-0.00273933
0.00123072
-0.02967
-0.0233864
-0.0249957
0.0160684
0.0130482
-0.0199413
-0.0654901
-0.0293067
-0.0314878
-0.0250632
-0.0116103
0.00529686
0.00733324
-0.0202405
-0.0194106
-0.0359619
0.0129765
-0.0130082
-0.0194988
-0.00832158
-0.0102778
0.0135379
-0.00241
-0.00695162
-0.0482188
-0.00617995
-0.0289428
-0.00860002
0.00464547
-0.00455821
0.00777284
0.00253365
-0.00752985
-0.0552586
-0.0232356
-0.0238301
-0.0122115
0.00117508
-0.0153439
-0.0202145
-0.00931388
-0.0288539
-0.0301604
-0.00890069
-0.0217987
0.00605705
0.0154581
0.0106151
0.00726953
-0.0233553
-0.0214862
-0.0315265
-0.0112696
-0.0111968
-0.00162551
0.0122321
0.00477659
-0.000751279
-0.0277613
-0.0325679
-0.0272275
0.000589655
-0.00150751
-0.018815
0.0295333
0.0208241
0.0352911
0.0177802
0.014691
0.000641772
0.0116143
-0.0137095
-0.0364672
-0.00662231
0.00959774
0.0145105
0.014035
-0.00321223
-0.0312978
-0.0168694
-0.0430539
-0.0178314
0.0307731
0.0439761
0.0532516
0.00247335
0.0229294
0.00297731
0.0147209
-0.0141362
-0.0333036
-0.00811184
0.0196875
0.0302925
0.0175105
-0.0050282
-0.0137932
-0.0163616
-0.0309225
-0.0108772
-0.00237523
0.0117905
0.0318996
0.0408454
0.023716
-0.0168826
-0.00697756
-0.00809069
-0.0280475
-0.0432994
-0.0339654
-0.0216632
-0.0110118
-0.026438
-0.0518529
-0.0433908
-0.0153225
0.00873938
0.00785691
0.0285455
0.0470905
0.0321284
0.0190362
-0.000525548
0.00783115
0.00747191
-0.01331
-0.0299496
-0.0231666
-0.0089732
-0.0135902
-0.0242292
-0.0414867
-0.0312313
-0.0107994
-0.00985427
-0.0189233
-0.00508827
0.00206686
-0.0106552
0.00831477
-0.0213415
-0.018629
0.00176936
0.00833634
-0.0467217
-0.011915
-0.00636345
-0.0306077
-0.0208887
-0.028046
-0.0224653
0.0207066
0.00676322
-0.0167084
-0.00236044
0.0080596
-0.0154211
0.00327142
0.00142373
-0.00226989
0.0133838
0.0274091
-0.044235
-0.0268421
-0.0133235
-0.0295645
-0.000246868
-0.00232847
0.000349443
0.0379431
0.0337465
-0.0199257
-0.00334748
0.0206597
0.0479428
0.0270604
-0.0318359
-0.0227941
0.043774
-0.00266117
-0.0339378
0.00860602
0.0347608
0.0601132
0.0404459
0.00976445
-0.00579361
0.0136209
0.0170526
-0.034004
-0.0219066
0.0140194
0.0315136
0.0143053
-0.0323804
-0.0318783
0.0291598
0.00498435
-0.008134
0.00594763
0.0405008
0.0428434
0.0240344
-0.0113064
-0.0114934
0.00640733
-0.0080036
-0.0341362
0.00394549
0.00852317
0.0272564
0.0213515
-0.0010317
-0.0172131
0.00646083
0.00346027
-0.0392833
-0.00634198
0.00750746
0.00108007
0.00747896
-0.0264326
-0.0462814
-0.00978453
0.0117136
-0.0092225
-0.000268568
0.0237434
0.0236765
0.0157744
-0.0107233
-0.00460846
0.0136235
-0.000323828
-0.00498583
0.00752677
0.0202072
0.0287863
0.0327167
-0.0203782
-0.0103486
-0.00722527
0.00573427
-0.0322959
-0.0130462
0.0158975
0.0253378
0.016519
-0.0223692
-0.0349297
-0.00390767
-0.0161998
-0.025897
-0.0182312
-0.0055136
0.00919123
-0.00184024
-0.0109377
-0.0176256
-0.0122446
0.0106278
0.00037149
0.0156581
0.0376017
0.039205
0.032059
-0.015401
-0.013153
-0.00332546
0.0197723
0.0298206
0.0421047
0.0489061
0.020025
0.0115829
-0.00494201
0.0123497
0.00357271
-0.0285663
-0.0156451
-0.00205304
0.00303337
-0.000250259
0.00789047
0.00226174
4.46565e-005
-0.020747
-0.0244413
-0.00565368
0.00926993
0.00684704
-0.0344302
-0.00964124
-0.0240179
-0.00867253
-0.0216695
-0.000358639
0.0443419
0.0831504
0.0435514
0.00646885
0.0130841
0.00652985
0.0149069
-0.0144125
0.00115195
0.075122
0.0940553
0.0266794
-0.0307528
-0.0223625
-0.0205127
-0.0147553
-0.0164199
-0.00670178
0.0160531
0.01969
0.0149798
-0.0121827
-0.0222458
-0.0294252
-0.00684354
-0.00628509
0.0120695
0.0339111
0.00892325
0.00173507
-0.0131125
-0.018245
-0.0399108
-0.0204659
-0.00874517
0.0448972
0.0941974
0.0545551
-0.00758977
-0.0372464
-0.0307732
-0.0209175
-0.00281766
-0.00729082
0.0302168
0.0738517
0.00679813
-0.0332439
-0.0511963
-0.0326483
-0.0411763
-0.00891513
0.00373486
0.0181718
0.0249032
-0.0139656
-0.0149299
-0.0188945
-0.0138354
-0.0273088
-0.0116535
-0.00394594
0.0120336
0.0149687
-0.0207606
-0.00341795
-0.00443886
0.0107542
-0.000823892
-0.00168366
-0.0145393
0.0452571
0.0461813
-0.0127244
-0.0357197
-0.0560582
-0.0408786
-0.0353168
0.00226857
0.00953959
0.0367266
0.039858
-0.00664879
-0.0164711
-0.0389457
-0.0139792
-0.0102022
0.0140618
0.0191582
0.000841362
0.016503
0.00313254
0.0262351
0.00265024
0.0155911
0.00239386
0.0157219
-0.00384298
-0.00352647
0.00867847
0.0101284
0.0168038
-0.0294762
-0.0251923
-0.0263595
0.00320041
-0.000378225
0.0271154
0.0496336
0.00870525
0.0167326
-0.0301544
-0.00183144
0.000589221
0.0289215
0.0193474
0.0242753
0.0211012
-0.00619647
-0.0194553
-0.0521499
-0.0260328
-0.0150137
0.0254906
0.0216174
-0.00208934
0.0121981
0.00269961
0.0112653
-0.0180765
-0.0213597
-0.0234111
0.00892402
0.000352327
0.00118632
0.00589466
0.000270675
0.00403227
-0.00250445
0.00815421
0.00124039
0.0101702
-0.0154863
0.0400169
0.0247411
-0.000809468
-0.0333011
-0.0409317
-0.0223766
-0.0126806
0.0433639
0.0317149
0.0211357
0.0218149
-0.000801726
-0.0178788
-0.00540806
0.0333375
0.0243507
0.0528801
0.0170725
-0.00590474
-0.00958698
-0.0125344
0.000608933
-0.000297092
0.0148596
-0.00956363
-0.0113915
-0.0144904
-0.0064138
-0.00711712
-0.0239066
0.00255133
-0.000793329
-0.000312877
-0.0311983
-0.0211387
-0.0158327
0.0164077
0.0106408
-0.0119767
-0.00453978
0.00718608
0.0435906
0.0160039
0.0230309
0.0261987
0.01806
-0.0143973
-0.022624
-0.00323847
0.00359828
0.0265492
-0.0166046
0.00062701
0.0190229
-0.0100563
0.0127614
-0.00498178
0.0177002
-0.00360786
-0.00664445
-0.0323132
-0.0255756
-0.0110167
-0.0271076
-0.00176097
0.0140023
-0.00437025
-0.0206756
-0.0333794
-0.0447017
-0.0171424
-0.0223281
0.013191
0.00350093
0.00358444
0.00765075
0.00353413
0.00947219
-0.0228987
-0.00233403
0.0148274
0.00395391
0.0123166
0.0104643
0.000194475
-0.00425216
-0.0149924
-0.0409649
-0.00497662
-0.00579142
-0.0369243
-0.0101711
0.0104344
0.00350248
-0.00857671
-0.0172974
-0.0336618
0.00571524
-0.0268782
-0.0280699
-0.0122145
-0.000141853
0.00981342
-0.0127987
-0.000233059
-0.0335662
-0.00773431
-0.0414129
-0.0141376
0.00230329
0.00439519
0.00947922
0.00995836
0.0003925
-0.0210364
0.00471309
-0.0169888
-0.0172148
-0.0147703
0.00162306
0.01435
0.0126115
0.0175759
-0.00828422
0.0121949
-0.0111236
-0.00581157
0.00199228
0.00879118
-0.00336345
-0.0267747
-0.0114482
-0.0289891
-0.0120386
-0.0179922
0.00224532
0.0200808
0.00574403
-0.0118127
-0.0411594
-0.0311767
-0.0360676
-0.00870729
-0.0151712
-0.00805932
0.00818241
0.012034
0.0103026
-0.00808965
0.0128175
-0.0234938
0.00262273
-0.0199939
0.00565644
0.0175806
0.0295077
0.00674747
-0.00749801
-0.0204288
-0.0231103
-0.00168025
-0.0133882
-0.00819202
0.0195668
0.0347832
0.0366222
0.00819388
0.0129774
0.00616238
0.0114621
-0.0139154
-0.0561129
-0.026039
0.00308338
0.0306608
0.0141614
-0.00710881
-0.0199264
-0.0312485
-0.0500447
0.0024783
0.0311768
0.0485591
0.0506955
-0.00377328
0.0188212
0.0117331
0.0250392
-0.0169427
-0.045145
-0.0181862
0.00911209
0.0311594
0.00578524
0.010927
-0.00294566
-0.00591364
-0.0343593
-0.0237105
-0.00486769
0.0194121
0.0561622
0.0353935
0.0176626
-0.00291133
-0.00761301
-0.0144231
-0.0271202
-0.0262726
-0.0312052
-0.000648394
-0.00107445
-0.0228113
-0.0463238
-0.0274144
-0.020767
-0.0322357
-0.00282847
0.0272609
0.0533073
0.0424478
0.0375453
0.0127753
0.020564
-0.00314091
-0.0381284
-0.0331039
-0.0215329
0.0053504
0.00225096
-0.0169485
-0.0371574
-0.0260823
-0.034443
0.00094294
-0.0191558
-0.00437413
0.0172888
-0.0144267
0.0128515
0.00194767
0.00261369
0.0121106
0.0193247
-0.0448565
-0.0187369
0.00758839
-0.0338104
-0.0143953
-0.00252959
-0.00717292
0.0288234
-0.00805931
-0.0101599
0.00878979
0.023742
-0.00549641
0.018349
-0.00176764
-0.00341181
-0.00125467
-0.00117291
-0.044135
-0.0205942
-0.00418328
-0.0273435
-0.00313015
-0.0138626
-0.0154761
0.0038161
0.030221
-0.0171716
-0.00756834
0.0159608
0.00781039
0.00652229
-0.0332529
-0.0214772
0.0345224
0.038546
0.0103835
0.0176557
0.0416153
0.0294541
0.0318551
-0.0211259
-0.004612
0.0440346
0.0306687
-0.0211332
-0.00960769
0.0127666
-0.0212478
-0.00555914
-0.0246624
-0.0119078
0.0319824
0.0299631
0.00878726
0.0360388
0.0635915
0.0305787
0.0309981
-0.0178264
0.0022237
0.0375843
-0.00509461
-0.0181088
-0.00547699
0.0122928
-0.012609
-0.0133973
-0.0479393
-0.0288625
0.000894502
0.010254
0.034491
0.0288193
0.0273086
0.00872338
0.0149321
-0.0266158
-0.0211146
-0.0142467
-0.0156898
0.0152787
0.0467086
0.069577
0.0268106
0.0202123
-0.0439498
-0.0382666
-0.0198118
0.0279328
0.104663
0.116412
0.111735
0.061674
0.0443358
-0.0127494
-0.0222568
-0.00570445
0.00640903
0.0313361
0.0191951
0.0202294
0.0099027
0.00167263
-0.0313815
-0.0182048
-0.0106449
0.00326479
0.0310791
0.0471714
0.0307324
-0.0436637
-0.0380573
-0.0259454
0.00920829
0.00847428
0.0408004
0.0996108
0.0786162
0.0614526
0.0214679
0.0109163
-0.00122279
0.0135676
0.0279956
0.0348576
0.0710322
0.0769417
0.0607868
-0.0249804
-0.0155576
0.0132414
0.0488288
0.0380687
-0.00222605
0.0810486
0.11765
0.0579654
-0.0407878
-0.0301811
-0.00154524
0.0101113
-0.00748818
-0.017392
0.114676
0.12367
0.0324469
-0.0766989
-0.0636379
-0.0367634
-0.0233108
-0.0569436
-0.00310296
0.0915786
0.1557
0.101764
-0.021895
-0.00471259
0.0278513
0.0414096
-0.000850248
-0.0537938
0.0563044
0.11446
0.0510031
-0.0586778
-0.0378216
-0.0204973
0.00039387
-0.0843148
0.0578156
0.154084
0.103444
0.0170932
-0.0520043
-0.0272818
-0.0105635
0.0308761
0.0125445
0.0572223
0.095523
0.00732755
-0.0437278
-0.0743584
-0.037477
-0.0231561
0.0376657
0.0238778
-0.018801
0.0923684
0.0730217
0.0139116
-0.0574392
-0.0299358
-0.00970496
0.0336357
-0.0449561
-0.0262926
0.0178265
-0.021335
-0.0488444
-0.0823766
-0.0577654
-0.0268378
0.0168943
-0.0285829
0.0686772
0.0811641
0.0081681
-0.0228555
-0.0517364
-0.0151264
-0.00411464
0.0650851
0.0554064
0.0620485
0.0665635
0.0211932
-0.0109437
-0.0462252
-0.0168556
0.0101928
0.0608176
0.0678671
-0.0171881
0.0129794
-0.0261199
-0.0435488
-0.0726147
-0.0468963
-0.022005
0.0141845
-0.0117493
-0.01756
-0.00318481
-0.0105837
-0.0416057
-0.055156
-0.043228
-0.0224114
0.0229864
-0.00201401
0.0524117
0.0599429
0.0249045
0.0122771
-0.0412573
-0.00692998
0.00616318
0.0584513
0.054875
0.0623235
0.0641639
0.0270711
-0.0116712
-0.0336526
-0.00319762
0.00781313
0.0707319
0.0628225
-0.0339691
0.0103437
-0.0135166
-0.0361522
-0.054313
-0.0286598
-0.0248428
0.0111718
-0.0219474
-0.00734556
0.0302217
-0.0125523
-0.0319828
-0.0389904
-0.0191163
-0.023665
-0.000608433
-0.00481657
0.0691104
0.0571373
0.0178923
-0.0414795
-0.0510113
-0.0208436
-0.00755095
0.0542509
0.073841
0.0680268
0.04406
0.0191969
-0.0149377
-0.0115061
0.0260435
0.0348516
0.079517
0.0670521
-0.0143724
0.0120993
-0.0197959
-0.0491203
-0.0556288
-0.029739
-0.0331346
-0.0148379
-0.0212439
0.00535979
-0.00209024
-0.0135405
-0.0287983
-0.0323884
-0.0151853
-0.0108621
0.0118509
0.00406379
0.0447336
-5.79416e-005
-0.00280956
-0.00887173
-0.011608
0.0217944
0.0224221
0.0615275
0.0727944
0.0485554
-0.0104885
-0.0238262
-0.029935
-0.0215131
0.00300525
-0.0165689
0.0359335
0.0670114
-0.00549179
-0.0280635
-0.0236769
-0.03028
-0.0218477
-0.023776
-0.0314897
0.0224769
0.0138063
0.0270507
-0.0197763
-0.0297442
-0.041266
-0.0423806
-0.0261807
-0.0484377
0.0198685
0.0406753
0.0561005
0.00667575
-0.00827378
-0.0261147
-0.0306036
-0.0213701
-0.0309063
0.0158828
0.0615429
0.032262
0.0232516
-0.00251693
-0.0131009
-0.0320379
-0.0371102
-0.0367272
0.00167667
0.0270589
0.0397913
-0.003851
-0.0136057
-0.0551477
-0.066346
-0.044942
-0.0490495
0.0154123
0.0499336
0.0388773
0.0108571
-0.0135152
-0.0377864
-0.0638509
-0.0426402
-0.0384278
0.0172977
0.0468228
0.0126614
0.0128147
-0.0219338
-0.0171203
-0.0356959
-0.0373721
-0.040639
0.00204806
0.0246165
0.0127095
0.00244786
-0.0295191
-0.0281353
-0.0351342
-0.0313497
-0.0441888
0.0134753
0.0157261
0.035381
0.00666518
-0.0288727
-0.0386414
-0.0738707
-0.0414562
-0.0302043
0.0312472
0.0425662
0.0506971
0.00579099
-0.0301657
-0.03826
-0.0609781
-0.0477007
-0.0531304
0.0440751
0.0440487
0.00509577
0.00857725
-0.0173943
-0.0313264
-0.0447401
-0.0289504
-0.0455023
0.00636989
0.00331886
0.0146753
0.0111376
-0.00300159
-0.0176144
-0.0356129
-0.0327447
-0.03543
-0.00331714
-0.0120251
0.0331119
0.0280667
-0.0172911
-0.0347207
-0.0556561
-0.0409612
-0.0435502
0.0296311
0.0470807
0.04486
0.0489115
0.00792174
-0.0140352
-0.0186203
0.00508504
-0.0214404
0.0369824
0.0354194
0.00264058
0.0250659
0.0285437
0.0179157
-0.0112904
0.000436298
-0.010868
-0.0118556
-0.0148883
-0.054423
-0.0241898
0.00065839
0.0143574
0.00447216
-0.00569859
-0.0322651
-0.0352397
-0.0437961
0.0174119
0.0557155
0.0537399
0.0526383
0.0202247
0.0448788
0.020397
0.0492699
0.0121891
-0.0332562
-0.00219358
0.0118409
0.0290166
0.0531602
0.0498448
-5.36291e-005
0.00708616
-0.0346841
-0.0212389
-0.00311344
0.025804
0.0588949
0.0590717
0.0497988
0.0261246
0.0203001
-0.00316344
-0.0331036
-0.0418139
-0.0230869
-0.00466994
0.00731762
-0.0315203
-0.0271555
-0.0415233
-0.0377596
-0.0104409
0.00690698
0.0108259
0.0510687
0.0627334
0.0583574
0.0434761
0.0242742
-0.00266438
-0.0351759
-0.0454215
-0.0325045
-0.0172559
-0.00706698
-0.0310359
-0.0537004
-0.0584036
-0.0445855
-0.00709639
0.000128212
0.0147582
0.0276563
-0.00203478
0.000435137
-0.00456395
-0.020097
-0.00753648
-0.00931099
-0.0331544
-0.0113045
0.00170693
-0.00994632
0.0016269
0.00166521
-0.0267738
-0.00453631
0.0056035
-0.00640644
0.0120814
0.0223583
-0.00695264
-0.00473956
-0.0213336
-0.0323181
-0.00253202
-0.0044676
-0.0461963
-0.0217493
-0.00788619
-0.00620755
0.00363497
-0.0024884
-0.031522
0.00999682
0.0354969
-0.0310384
-0.0222404
0.00989907
-0.043136
-0.0266784
-0.0402053
-0.0331038
0.05299
0.0140709
-0.0173405
0.00220268
0.05929
0.0253283
0.0224562
-0.0448556
-0.0344328
0.02508
0.046592
-0.0327821
-0.00922314
0.0152146
-0.0137901
-0.00940933
-0.043655
-0.0255695
0.0482795
0.021638
-0.022817
-0.01753
0.0467062
0.0198253
0.0382554
-0.0372436
-0.0239345
0.0256213
-0.041962
-0.019965
0.0108691
0.060837
0.0485831
0.0290178
-0.0521643
-0.0607103
-0.0438519
-0.0320587
0.0535348
0.0947668
0.121567
0.102692
0.0796569
0.0114641
-0.0187709
-0.0717232
-0.0398645
-0.0605163
-0.0286425
0.0338968
0.0366056
0.0474203
-0.0350497
-0.0372231
-0.0385428
-0.0423774
-0.0284004
0.0271613
0.0790622
0.0737627
0.104714
0.083999
0.0497527
-0.0209044
-0.0112686
0.0626178
0.0817316
0.0814431
0.0381866
0.0418767
0.0253933
0.00107739
-0.0250682
-0.0160155
0.0289863
0.0706772
0.0540978
-0.0126279
0.0128885
0.0363052
0.0189131
-0.0181385
-0.0120561
0.00757871
0.0382849
0.047201
0.0351056
0.0605787
0.0729157
0.043302
-0.00390883
-0.0115366
0.0199798
0.0534473
0.0256237
-0.0207192
0.0425399
0.0650124
0.0419571
-0.0169915
-0.0398717
0.066431
0.136888
0.101022
0.0200101
0.0570048
0.0810927
0.0493977
-0.038041
-0.0952154
0.00801901
0.0640276
0.0475333
-0.0234919
0.00660904
0.0091436
-0.00115497
-0.106074
-0.032802
0.0432892
0.0876327
0.0724872
0.0243871
0.104555
0.116624
0.0660896
-0.0211453
-0.103566
-0.0134169
0.0166992
0.0150131
-0.0170491
0.030569
0.0293711
0.00343969
-0.0858942
-0.0480962
0.0505858
0.0755903
0.0646482
0.0340942
0.0417895
0.0349636
0.0514375
-0.0240152
-0.053984
0.010986
0.00739171
0.00158223
-0.0108656
-0.00737614
0.00268097
0.0218412
-0.0351316
-0.0363804
0.0391971
0.0532152
0.0539472
0.0336563
0.0343977
0.0349016
0.0434929
-0.0322908
-0.0287514
0.0137159
0.00368119
-0.0120439
-0.0237381
-0.0147865
-0.00387865
0.0176239
-0.0299896
-0.0257252
0.0324932
0.0204523
-0.00371144
-0.0214296
-0.00249782
0.0239336
0.0550741
-0.0128592
-0.0310345
0.024341
0.0290049
-0.00789911
-0.0143354
0.00037279
0.0107507
0.0382856
-0.0074195
-0.00480944
0.0321925
0.0188235
0.00263983
-0.0246633
-0.00658872
0.000453071
0.0399119
-0.0064657
-0.0187254
0.0229418
0.0150839
-0.00746811
-0.00417062
-0.00633062
-0.00158124
0.02866
-0.0205821
-0.0391177
0.0253804
0.0334691
0.0157038
-0.000268901
0.0169796
0.00432366
0.0405835
-0.0306037
-0.0281415
0.0349444
0.0384916
0.030796
0.0299577
0.0425925
0.012929
0.0147067
-0.0411647
-0.0309334
0.0351247
0.0334173
0.00794379
0.00168803
0.00456157
0.00511227
0.0230926
-0.0391334
-0.0462281
0.0259544
0.0322006
0.0354267
0.0257018
0.0194473
0.0157463
0.0145975
-0.0427516
-0.0493008
0.0164289
0.00130671
0.0110335
0.0200606
0.031006
-0.0037069
-0.00345193
-0.0454401
-0.0188298
0.0169288
0.0178264
0.0384268
0.0414004
0.034922
0.0123668
0.0248564
-0.0311987
-0.0662491
-0.00151417
-0.0143836
0.0223756
0.02061
0.0138978
-0.0087048
0.0108676
-0.0468139
-0.0377708
0.010607
0.0111555
0.039762
0.0393153
0.0322907
-0.0189489
0.0114074
-0.0247302
-0.0321303
-0.00481727
-0.00110155
0.0215569
0.0196348
0.0185097
-0.00935268
0.017947
-0.0243336
0.0324448
0.0142218
-0.00215405
0.00590442
0.00797241
0.0116084
-0.0122871
0.0332125
0.025111
-0.029396
-0.0126169
-0.000131935
0.0281262
0.0259736
0.00730656
-0.0380555
-0.0112785
-0.0353029
0.012093
-0.000470597
-0.00678657
0.0130528
-0.00769717
-0.00601843
-0.0179562
0.0348784
0.0244307
0.0240369
0.000587428
-0.0209266
-0.0334445
-0.051657
-0.0239808
-0.0426417
0.013552
0.0343029
0.0379183
0.0198093
-0.0104513
-0.0242353
-0.0517872
-0.0305812
-0.0309352
0.031384
0.0437005
0.0198964
-0.0110455
-0.0390048
-0.034065
-0.0549762
-0.0316769
-0.041867
0.0229539
0.0212576
0.0340224
0.0125078
-0.0132326
-0.0227875
-0.0497082
-0.0336824
-0.0246431
0.0470329
0.033396
0.0144956
-0.00521935
-0.024622
-0.0390074
-0.0623074
-0.0409649
-0.0258013
0.025707
0.0468338
0.0410832
0.00390339
-0.0261494
-0.0322483
-0.05455
-0.0464982
-0.0388831
0.018758
0.0519763
0.034536
-0.0100421
-0.0183135
-0.0385028
-0.0571563
-0.0505495
-0.0255695
0.0241513
0.0358606
0.0531802
0.0119354
-0.0320455
-0.0483196
-0.0604876
-0.0568061
-0.034088
0.013169
0.0570019
0.0253036
0.0133382
-0.0227015
-0.0368241
-0.0634419
-0.0442242
-0.0495325
0.00344345
0.0432642
0.039988
0.0264496
-0.00373256
-0.0197044
-0.033103
-0.0110948
-0.0268302
0.0328724
0.0431332
0.0382492
0.0149575
-0.0388734
-0.0468284
-0.0797832
-0.0661244
-0.0496595
0.000290633
0.0474041
0.0268065
0.023686
-0.010332
-0.0148394
-0.0380631
-0.0412605
-0.0242422
0.0287439
0.0452616
0.00584222
0.0335249
0.0251648
0.0434895
0.0222236
0.0344524
0.0083008
0.0477357
0.0188875
-0.0522549
-0.0330256
-0.00399695
0.0255321
0.055201
0.0417268
-0.0236599
-0.0157697
-0.0538405
-0.000487351
0.032622
0.01722
0.0420374
0.00877943
0.0153384
0.00496898
0.0381009
0.0199115
-0.0618516
-0.0410764
-0.0184836
0.0409824
0.0424544
0.0205575
-0.0359694
-0.0352011
-0.052155
-0.0160848
-0.00866147
0.0157012
0.0770739
0.0892755
0.105374
0.0255406
0.000364927
-0.0185081
-0.0442383
-0.0541588
-0.0326953
-0.0108687
-0.00123451
-0.00333325
-0.0484603
-0.0601807
-0.0549381
-0.0417281
-0.0232675
0.0452126
0.099273
0.0546555
0.0767426
-0.00930699
-0.0195639
-0.0258754
-0.0653009
-0.0713881
-0.019065
-0.0137315
-0.00526723
-0.00476167
-0.0473109
-0.0599975
-0.0568204
-0.0106549
-0.00578949
0.0183516
0.0364107
-0.00437785
0.0385575
0.00798356
-0.0178597
-0.014801
-0.00700807
-0.0414554
-0.00972208
0.00957926
-0.00785642
0.025052
0.00521761
-0.0255902
0.000373992
-0.0315353
-0.0174073
0.0235512
0.0258756
-0.0229701
0.0302057
0.0158905
-0.0106876
-0.0118619
-0.0188795
-0.0350852
-0.00379153
0.00841372
-0.0331264
0.0062345
-0.0099876
-0.0328547
-0.00264843
0.0540419
-0.0220522
0.00111348
0.0163673
-0.00212982
0.0106224
-0.032694
-0.0216723
0.0409013
0.027227
-0.0125584
-0.0108088
0.0344017
0.00753282
0.0344426
-0.0187501
-0.0082934
0.0297222
0.0309386
-0.0283084
-0.00240352
0.0481825
0.0170882
0.0379425
-0.0408402
-0.0412818
0.024123
0.0213496
-0.013903
-0.00137321
0.0363124
0.0145793
0.0451232
-0.0298755
-0.0218225
0.0165938
-0.00378809
-0.0255882
-0.0357715
0.0120346
0.0111484
0.0408935
-0.00149936
0.003232
0.00475375
0.0152942
-0.013829
-0.0182068
0.0206908
0.0425456
0.0845328
0.0903477
0.101515
0.0478821
-0.00226432
-0.0289808
-0.0346217
-0.0117188
-0.0275885
0.00546503
-0.0345144
-0.0230653
-0.00263026
0.00652254
-0.0160074
-0.0340688
0.00552513
-0.00688419
0.0218027
0.00495583
0.0394326
0.0325768
0.0316923
0.0178181
0.00182115
0.010524
-0.00190158
0.0422629
0.0666816
0.0900294
0.0532275
0.0447144
0.056378
0.0262359
-0.000136746
-0.032812
0.0426675
0.0628518
0.0552265
0.0394965
0.00632002
-0.0253858
-0.0295204
-0.00432497
-0.00413168
0.0291165
-0.000602467
0.0231312
0.023534
0.0165213
-0.0101114
-0.0271141
-0.0331958
-0.0316764
0.0158882
0.0106544
0.0101271
0.00239637
0.00233725
0.0337429
0.0228103
0.0015804
-0.0207498
0.0985231
0.116139
0.0693633
0.00702325
-0.0645169
-0.0110423
-0.024102
-0.0384685
-0.0562088
0.0273862
0.0699484
0.0663888
-0.0246316
-0.00882039
-0.00805688
-0.0115784
-0.0234887
-0.0292074
0.0443889
0.0721682
0.06367
-0.00153346
-0.0536013
-0.0413217
-0.0401365
-0.051943
-0.0603415
0.0157369
0.0823665
0.100962
0.00930993
-0.0264806
0.0141836
-0.00867937
-0.0314049
-0.0621054
-0.01469
0.0274176
0.0774445
0.0184103
-0.00292837
0.000686027
-0.0369937
-0.0494027
-0.0751624
-0.0717002
-0.0457615
0.0113564
0.0103775
0.00972032
-0.00102179
-0.0065012
-0.0264355
-0.0431361
0.0153733
0.0924887
0.142
0.102409
0.0187486
-0.00249532
-0.025695
-0.0399189
-0.0646413
-0.0461488
0.0110568
0.111116
0.0757198
0.0101695
0.0173138
-0.0137121
-0.0306138
-0.0722283
-0.0591604
-0.0402706
0.0165546
0.0169628
-0.00194778
0.0127834
-0.0109945
-0.0323039
-0.0537079
-0.0449019
-0.0311557
-0.00158628
-0.00516428
0.0537477
0.0451105
0.0074674
-0.0171068
-0.066041
-0.0414646
-0.000745478
0.0821135
0.0713634
0.0564523
0.0485938
0.0241988
-0.0191154
-0.0390159
-0.0238492
0.00514407
0.0626448
0.0570022
-0.0278817
0.00498107
-0.0140223
-0.04022
-0.0510418
-0.0339507
-0.0262818
0.0158367
-0.0172405
-0.0172939
0.00287544
-0.00535722
-0.0187668
-0.0443973
-0.046368
-0.0396799
0.00202362
-0.00440309
0.0383778
0.0344377
0.0234767
-0.0259428
-0.0401373
-0.00687371
0.0184315
0.0676108
0.0492204
0.0525731
0.0424008
0.0333383
-0.00279281
-0.0313204
-0.0196557
0.00277235
0.053733
0.055677
-0.0303221
-0.00773142
-0.0222911
-0.018
-0.0541203
-0.0499874
-0.0426046
0.00240123
-0.00787723
0.00508601
-0.00510053
-0.0127034
-0.0125591
-0.0338242
-0.0323463
-0.0529542
-0.00937285
0.00455206
0.0640479
0.0277075
0.0158313
-0.00469915
-0.0354323
-0.0365241
-0.0167104
0.0341675
0.0572206
0.0745146
0.0421825
0.017563
0.0114291
-0.00714033
-0.018996
-0.0354609
0.0262107
0.0634797
0.0165195
0.00361137
-0.0104498
0.00397002
-0.0198751
-0.0351125
-0.0565402
-0.0205129
0.00158578
0.0447234
0.0113924
-0.0200577
-0.00552534
-0.0463433
-0.0593735
-0.0559794
-0.0088498
0.0270016
0.0766256
0.0293476
0.00484854
0.0190831
0.00211823
-0.0119132
-0.0307528
0.00326329
0.0519171
0.0508114
0.00442325
-0.00660998
0.00952914
-0.0197791
-0.0242645
-0.0339479
-0.00676947
0.0480096
0.0487649
0.0142273
-0.0295712
-0.0296557
-0.0588166
-0.0463102
-0.0326364
0.0155259
0.0478424
0.0470108
0.017922
-0.0224676
-0.0302293
-0.0779032
-0.0448329
-0.0130006
0.0409381
0.0609451
0.0290318
-0.000366262
-0.0218428
-0.00489098
-0.0402723
-0.0219746
-0.019858
0.0034719
0.0458553
0.0107757
-0.0173778
-0.0424104
-0.0343433
-0.0643393
-0.0245379
-0.0073676
0.0182632
0.0321709
0.0357875
0.0205708
-0.0212964
-0.0337158
-0.0637359
-0.0495386
-0.0170202
0.0456428
0.0674293
0.032747
0.0432516
-0.0337707
-0.0463786
-0.0625518
-0.0423043
-0.0311718
0.0342255
0.0525871
-0.012202
-0.0125951
-0.0414479
-0.0265155
-0.035711
-0.0198567
-0.0199927
0.0234737
0.0127361
-0.0139594
-0.0131931
-0.0401843
-0.0228959
-0.0337276
-0.0168415
-0.0336996
0.0106693
0.00286531
0.0378813
0.0350759
-0.0138061
-0.0279058
-0.0588102
-0.0399146
-0.0257824
0.0386122
0.0609304
0.0205121
0.0336851
-0.00212834
0.00277776
-0.0209456
-0.015697
0.0160934
0.0622815
0.0560906
-0.0134621
-0.0113999
-0.0231077
-0.0236977
-0.0422219
-0.0293046
-0.0347158
0.00854481
0.015136
-0.0172856
-0.0157035
-0.0180279
-0.021164
-0.0350777
-0.0306538
-0.018191
0.00520749
0.0249986
0.00228671
0.0308475
0.0281271
0.046643
0.0241494
0.0487636
0.0372756
0.0646791
0.0371631
-0.0494563
-0.0147647
0.00965908
0.0521564
0.0321323
0.0257357
-0.0123678
-0.0109076
-0.0206116
-0.0260915
-0.0180465
0.00187874
0.0134958
0.00909499
0.024028
0.0186255
0.0231543
0.0040301
-0.0659017
-0.034906
-0.00859627
0.00188213
-0.00921102
0.00356181
-0.0241536
-0.0263278
-0.0469108
-0.0282379
0.00218119
0.0514616
0.0826158
0.0392969
0.0475157
-0.0190493
-0.005237
-0.00320333
-0.057852
-0.0553928
-0.0141055
-0.0231443
-0.0183654
-0.0199576
-0.0399635
-0.0369186
-0.0261669
-0.0164837
0.000818139
0.0457518
0.0482231
0.023586
0.0317018
-0.0114193
-0.00986526
-0.0222563
-0.0413055
-0.0543334
-0.011412
-0.0251309
-0.0274621
-0.0227932
-0.0497129
-0.043692
-0.0405548
-0.0245113
-0.0252626
0.0050434
0.0152799
-0.0273254
0.0142231
0.00723479
-0.0017615
0.00636654
0.000433953
-0.0363902
-0.00372072
0.00214254
-0.034428
-0.00562148
-0.0093913
-0.0236091
0.00995407
-0.0222206
-0.0290843
0.0130257
0.00512083
-0.0296862
0.00155042
-0.00462004
-0.0031841
-0.00173656
-0.011824
-0.0425468
-0.00483619
0.00209137
-0.0395368
-0.0236846
-0.0235481
-0.0318972
0.00463609
0.0199153
-0.0158219
9.72917e-005
0.0401804
0.0209798
0.0326075
-0.0490118
-0.0494837
0.0190488
0.0112868
0.00554997
0.00354407
0.0330994
0.0255346
0.0377213
-0.0235191
-0.0250714
0.0102516
0.0460157
0.00385667
0.00746246
0.0280841
0.00552059
0.0104275
-0.0376708
-0.0378554
0.0388713
0.0284213
0.00680961
0.00251861
0.0305991
0.0103456
0.0157688
-0.0319769
-0.0213496
0.020854
0.0173994
-0.00441444
-0.00260993
0.0184213
0.00829231
0.0174962
-0.0216119
-0.0185986
0.027225
0.00775412
-0.00809335
-0.00622456
0.0290072
0.0240829
0.0332913
-0.0147269
0.00881657
0.0260557
0.00880242
-0.00814262
-0.00537907
0.0122108
0.00188582
0.00826506
-0.0218794
-0.0137075
0.0229845
0.000719828
-0.0180302
-0.00785707
0.0270827
0.0114964
0.0308394
-0.0188727
-0.0187837
0.0172885
0.00306917
-0.0180171
-0.00109031
0.033158
0.0390309
0.0508467
-0.004845
-0.00500243
0.0205616
0.0166911
0.00167692
-0.00116853
0.0116646
0.0167863
0.0155699
-0.00698206
0.0100285
0.0311248
-0.0105694
-0.0207403
-0.00812599
0.035766
0.026977
0.0306321
-0.0330736
-0.0314912
0.0118306
-0.00928736
0.00574191
0.00316843
0.0267492
0.0205947
-0.00864323
-0.0483193
-0.0173183
0.0116877
0.00617227
0.01352
0.0145063
0.00886812
-0.0072989
0.0112781
0.0165849
0.0362294
0.0164683
0.00813922
-0.00541213
-0.00533097
-0.0182643
-0.0218877
0.0105809
0.0438781
0.0751956
0.0338088
-0.0131853
0.00979524
0.00173162
0.0108312
-0.00958562
-0.0209299
-0.042363
-0.00527063
0.00127391
-0.0253695
-0.00653459
-0.00725322
-0.0043781
-0.0290245
-0.00409228
-0.0266493
0.0116153
-0.00867866
-0.00183382
-0.0175333
-0.00965705
-0.0221768
-0.0352353
-0.00870299
0.0322972
0.10769
0.071142
0.00223064
-0.0392251
-0.0290771
-0.0225868
-0.042614
-0.0189492
0.0116981
0.0780747
0.0461743
-0.01537
-0.0213126
-0.0162954
-0.0123326
-0.026267
-0.00457431
-0.0112428
0.0406078
0.00344956
-0.0111152
-0.0288976
-0.024181
-0.00946771
-0.0184474
0.000188619
-0.0100248
0.0447134
0.0194069
0.00353495
-0.00401615
-0.0199264
-0.00881594
-0.0479553
-0.0356718
-0.0173024
0.0470575
0.0363198
0.0112379
0.0267692
-0.00121411
-0.00742155
-0.0347171
-0.0320873
-0.0212198
0.0315545
0.0315041
0.00905181
0.00284897
-0.00747183
0.0142843
-0.0207085
-0.0138808
-0.0324067
0.0242423
0.0263605
0.00379034
0.0136106
0.00586199
0.0153762
-0.000949633
-0.0115021
-0.0361552
0.0312796
0.0317921
0.00945891
0.0273153
0.02344
-0.00183213
-0.0239535
-0.00832467
-0.00313594
0.037079
0.0339121
0.0290408
0.0201684
0.0188438
-0.0130329
-0.0418359
-0.0371082
-0.0157956
0.0204595
0.0368041
0.00495464
0.0236567
0.0192147
0.0197555
-0.00668974
-0.00352389
-0.0176705
0.0110038
0.0165456
0.0178437
0.00998601
-0.00310355
-0.0107908
-0.0205442
-0.017053
-0.0265656
-0.00766532
0.016273
0.0284703
0.0238163
0.0159827
-0.00812556
-0.0292109
-0.0267893
-0.0199535
0.0191875
0.04706
0.0298493
0.0206624
0.0197458
0.0155036
0.00316581
-0.0148357
-0.0262961
0.0106801
0.0204485
0.0235572
0.0153459
0.00503423
-0.00851359
-0.0222299
-0.0170132
-0.0180547
-0.000788304
0.0142772
0.0045286
0.000964592
0.00794384
-0.00560963
-0.0129674
-0.0121499
-0.0151804
-0.00222923
0.00589358
0.0285463
0.0170546
0.022768
0.0291161
0.0157031
0.00352299
-0.0165418
0.0236951
0.0201267
0.000382832
-0.0198137
0.00547478
0.0288126
0.0131373
0.0143849
-0.0111486
0.00481055
0.00606624
-0.00763205
-0.00724871
0.00752463
-0.00598268
0.00109215
-0.000891811
-0.0257007
-0.00648725
0.00146831
-0.0176496
-0.0215493
-0.00906969
0.000213923
-0.00212378
0.00447191
-0.033083
0.00648451
0.00235623
-0.00948718
-0.0154252
-0.0061345
0.0186091
0.00651162
0.0142988
-0.0110863
0.00863655
0.0179218
-0.0112987
-0.0160768
-0.0228226
0.00219888
-0.0172917
-0.0128008
-0.00726603
0.00798385
0.0131226
-0.021671
-0.013438
-0.0191188
0.000136725
-0.00833732
0.00603219
-0.046831
0.0061327
0.000611134
-0.0368077
-0.0278012
-0.0365844
-0.00610371
-0.0175917
-0.0192766
-0.0304506
0.00594852
-0.0162192
-0.0229221
-0.0151806
-0.0136849
0.0200091
0.0169906
0.00920153
0.00566318
0.0118199
-0.00240673
-0.0302367
-0.0101939
-0.013989
0.014689
0.00201561
0.00750633
-0.00181664
-0.00100347
-0.0151973
-0.0506818
-0.0217153
-0.0251803
0.00824222
-0.00398793
-0.00279818
-0.0076505
0.0084385
-0.0374831
-0.0298032
-0.0191266
-0.0287388
0.00163157
-0.00318113
-0.000796865
-0.0104373
-0.000147549
-0.019271
-0.0193416
0.0100201
0.0082645
0.0218424
-0.00364435
0.0110183
0.00374662
0.0228319
0.00678489
-0.0231169
0.0058513
0.00319064
0.00518695
-0.011038
0.0060674
0.0118091
0.016263
0.0010868
-0.0164394
-0.00387266
-0.0132128
-0.00265218
-0.0108697
-0.000986738
0.00775765
0.0150445
-0.00170374
-0.0269216
-0.0154147
-0.0149616
-0.0106168
-0.0190355
-0.0100928
-0.00734746
0.00693925
-0.0164117
-0.0196674
0.0190931
0.0259931
0.0498484
0.0360831
0.0393214
0.027017
0.0313472
-0.00518968
-0.0484665
0.00429621
0.0135173
0.0243201
0.0132533
0.0285742
-0.00445508
0.000461392
-0.0386803
-0.0222885
0.00267111
0.0167763
0.0393588
0.0191239
0.0307255
0.0241215
0.0122499
-0.0194397
-0.0468179
-0.0302828
-0.00789581
0.0115757
0.00921535
0.026317
-0.0181556
-0.0227246
-0.0547509
-0.0165499
0.0132001
0.0334323
0.0424921
0.0336944
0.0452531
0.00389516
0.00362021
-0.0110146
-0.028545
-0.0270827
0.0019033
-0.000680043
-0.00207702
-0.0108377
-0.0373823
-0.0200626
-0.0282765
-0.0146549
-0.0213033
-0.00158802
0.0224808
0.0187121
0.0299701
-0.0105326
0.00223871
-0.0201064
-0.0234297
-0.0311751
-0.0155141
-0.0152376
-0.0219764
-0.0105644
-0.0343568
-0.0175375
-0.0209041
-0.0117294
-0.0119551
0.0171247
0.0280682
0.00694214
0.0178747
-0.0072989
0.00125036
-0.0108171
-0.00207979
-0.029396
-0.0181537
0.00385635
-0.0241642
0.00325308
-0.0132509
-0.0230618
0.00433224
-0.00727692
-0.00578702
0.00712287
0.0293019
-0.00555746
0.0275292
-0.00161664
0.00463973
-0.00427374
-0.0145056
-0.045027
-0.0465546
-0.00831919
-0.0291263
-0.00103279
-0.00688458
-0.0281923
0.00432709
0.0486354
-0.00454433
-0.00534707
0.0170992
0.0101498
0.00466496
-0.0312753
-0.037767
0.0519294
0.0294128
0.00823873
-0.00159672
0.0198706
0.00943887
0.0164628
-0.0263508
-0.029838
0.0196987
0.0544199
-0.00863505
-0.0106516
0.023339
0.0595436
0.0276286
-0.0496104
-0.0455727
0.0473915
0.0497426
0.0104401
0.00869209
0.0349911
0.0644007
0.0253407
-0.0404182
-0.0419568
0.0342977
0.0288984
0.0167165
0.00496442
0.00993506
0.00376193
0.010696
-0.0252739
-0.0147121
0.0307718
0.0157959
-0.00502136
-0.00878272
0.0173171
0.00587124
0.0227957
-0.0196624
0.00230764
0.0229664
0.0427572
0.0142888
0.0172041
0.034338
0.0545476
0.012403
-0.0331798
-0.0174824
0.034683
0.0276154
-0.00164778
0.00707475
0.0323083
0.0567202
0.0132787
-0.0361107
-0.0114697
0.0154732
0.0065359
3.0346e-005
0.00341361
0.0348316
0.0175818
0.0263065
-0.0277271
-0.00204592
0.0208155
0.0108715
0.0269511
0.013939
0.0308425
-0.00197278
-0.0109075
-0.0257341
-0.0021509
0.0276444
0.0202381
-0.00236808
0.00651636
0.0256845
0.0509848
0.0228847
-0.0289626
-0.0145872
0.0123823
0.0145893
0.0258765
0.00366018
0.00880657
0.0329354
0.00726507
-0.0265626
-0.00972477
0.00331445
0.011003
0.0306323
0.0167517
0.0262376
-0.0013545
-2.6239e-005
-0.0140543
0.0122493
0.0240975
0.0106035
0.0193068
0.00715072
0.010225
-0.00816869
0.011247
-0.00460666
0.0172254
0.0185459
0.01773
0.0266951
0.00535109
0.00140035
0.038184
0.0100286
-0.0207251
0.00814794
0.004073
0.00607388
0.0145076
-0.0146246
-0.0179239
0.0213461
-0.00946556
-0.0277701
0.00946621
0.0104131
0.00442369
0.0225946
0.000391189
0.0102306
0.000610934
0.0174046
0.0123145
0.0251071
0.0110335
0.00388067
0.013464
-0.00740344
0.00847318
-0.0108956
0.0197642
-0.00661903
0.0177846
9.79481e-005
0.0042132
0.0355418
-0.0145594
-0.00712381
0.0440094
0.00848346
-0.00499442
-0.00585811
0.00107433
-0.00829573
-0.00103362
-0.00684508
0.00662294
0.0422153
0.0205853
-0.0278726
-0.0165113
-0.0108927
0.00969458
0.01614
0.00267286
0.0120661
0.0014029
0.00988382
-0.0322812
0.00970416
0.0187815
-0.00327012
-0.00094367
0.00185583
0.014889
0.00759296
0.009766
-0.0202236
0.0305536
0.00932258
-0.00439547
0.00592597
-0.00667117
-0.000735459
0.0337328
0.00334948
-0.0386983
-0.0111239
-0.0138763
-0.0130822
-0.00334759
-0.023451
-0.0079102
0.0282517
0.00949494
-0.0325312
0.0129192
-0.0175535
-0.0220647
0.0142819
0.0146868
0.0337959
0.0213201
0.0405768
-0.00599805
0.0264445
0.00339703
0.00592934
0.00999596
-0.00787234
0.00272783
0.0118267
0.0282986
-0.00581374
0.00838073
0.00100822
-0.0396307
-0.00345493
-0.0159546
0.014309
0.0583856
0.0354454
-0.0183272
0.0193152
-0.0182921
-0.0221746
-0.0186871
-0.030427
-0.00537586
0.0521409
0.0237666
-0.0238342
0.0128843
-0.00848398
0.00762019
0.0193665
0.00170194
0.000239277
-0.00268149
0.026733
0.00236986
0.0126693
0.00297404
-0.0234132
0.0121752
0.0127304
0.00858467
-0.000184077
0.0122576
-0.0058906
0.01087
-0.0193599
0.0057398
0.00334878
-0.0223802
-0.0175324
0.0519163
0.0194015
-0.0029049
0.0205711
0.0077541
-0.036542
-0.00153231
-0.00741243
-0.00870413
0.0618581
0.00539428
-0.0238069
0.00101883
-0.020706
-0.0123723
0.0111929
0.0141882
0.0128026
0.00156064
0.00157027
-0.0210837
0.00108233
-0.0103562
-0.00976548
0.00820423
0.00365524
0.0171597
0.00852598
0.00612518
-0.0353024
0.00177143
0.00529836
-0.0213785
-0.0147734
-0.0170205
0.00666269
0.0457757
-0.00662837
-0.0221575
0.000877164
-0.0141072
-0.00980247
-0.0100775
-0.0366335
-0.0014485
0.025078
-0.0150173
-0.0317732
-0.000716209
-0.00494888
-0.00742718
0.008228
-0.0123606
0.00343859
0.0150899
0.00328244
-0.0297071
0.010792
0.00465886
-0.0184203
0.00831362
-0.0144092
-0.0154481
-0.00577199
0.000218267
-0.0167072
0.0238228
-0.00610739
-0.00442541
-0.00429822
-0.0308037
-0.0133712
0.0331959
-0.00726443
-0.0257118
-0.00590806
-0.00411484
-0.00339961
-0.00310667
-0.0420751
-0.0261615
0.00854728
-0.0266568
-0.0368881
-0.00624986
-0.0116835
-0.0259294
0.00646756
-0.0109282
0.00512595
0.00513408
-0.00031663
-0.00563078
0.0204726
-0.0095664
-0.0176927
-0.0121293
-0.0272733
0.00279023
0.0143811
-0.00175568
-0.00938487
0.00606482
-0.0116782
-0.017179
-0.0177149
-0.027468
-0.00664166
0.0323999
-0.0109876
-0.0413377
-0.0169813
-0.014603
-0.0485414
-0.0480202
-0.0500789
-0.0139263
0.0291181
-0.0106512
-0.0595328
-0.0396842
-0.035406
-0.00920489
0.00365576
-0.00618829
0.010431
0.0167389
0.00506594
0.00704595
0.015909
0.00607228
-0.0310061
0.000672911
-0.0118769
-0.000855419
-0.0102031
0.00771492
0.00823819
0.0135543
-0.024029
-0.0452142
-0.0144437
-0.0184279
0.00653399
0.0382199
-0.0157961
-0.0469038
-0.0262774
-0.0291253
-0.0625941
0.00899453
-0.00680663
-0.00581498
0.0171464
-0.0261763
-0.031728
-0.00628072
-0.0439157
-0.0255916
0.0213282
0.0211041
0.0525392
0.0174005
0.0526671
0.0351123
0.0389682
-0.0161325
-0.030031
0.0022285
0.0129128
0.00924948
0.000913101
0.0136223
-0.000321768
0.00887556
-0.0364627
-0.0510555
0.0190106
0.0127472
0.0381796
0.0377906
0.0283248
0.012221
0.0287264
-0.0519967
-0.0502048
-0.0179171
-0.0125501
-0.00845863
0.0205453
0.0155343
-0.0019617
0.00893737
-0.0512171
0.0135409
0.0172319
0.0177893
0.0133749
0.00613594
0.0252783
0.00566195
0.0300195
0.0115033
0.00230438
0.00286247
-0.00689818
-0.0238805
-0.0279723
-0.0130062
-0.0221892
0.00704882
-0.00231617
-0.0127396
0.0140939
0.00741538
0.0141305
0.0303225
0.0225063
0.00781946
0.0347657
-0.0118047
-0.0274317
-0.0113341
-0.0223808
-0.0358262
-0.0143219
-0.0250521
-0.029268
-0.0168013
-0.0297567
0.00932583
0.0190636
0.0242965
0.0396665
0.0105528
0.0299669
0.0133378
0.0161007
0.0128963
0.00349923
-0.0276348
-0.0191074
-0.00420179
-0.0258597
-0.000353074
0.0114467
-0.0136676
0.0132127
-0.010253
-0.00984482
0.00213048
0.0128659
0.0175767
-0.000418424
-0.00380811
0.00148388
-0.0138041
-0.00980402
-0.0630377
-0.0501508
-0.0329945
-0.0148226
-0.030662
-0.0173327
-0.0340575
-0.0136316
-1.4723
