0.0766596
-0.041939
-0.0411965
0.0251052
0.0468711
0.00703534
-0.0913346
-0.0692591
0.0738879
0.0793359
0.0169956
0.00555425
0.0288171
0.0473591
0.0250558
-0.0346265
-0.0119454
0.0680129
0.0544834
-0.0507608
-0.0105359
0.0426937
0.0410189
0.0142363
-0.060514
-0.0541999
0.0603671
0.0414818
-0.0151142
-0.0134676
0.0313465
0.0164299
0.0481765
-0.0308841
0.00757298
0.0299566
0.0749766
0.0213211
0.0086532
0.00235581
0.0271923
0.0191871
-0.0134069
-0.0127482
0.089353
0.0341901
0.0381324
0.0301054
0.0353128
0.0177193
0.00835176
-0.0261809
0.00303838
0.0407726
0.0309519
-0.012004
-0.0199135
0.00825603
0.0111044
0.0449989
-0.00992798
-0.00823964
0.0325895
0.0220615
0.0108888
0.0142917
0.0096353
-0.0272584
-0.000738686
-0.0158438
-0.00659301
0.0162764
0.0203652
0.0236167
0.0206889
0.0442446
0.0419362
0.0239478
-0.0291528
-0.0153627
-0.00362946
0.018773
0.0222171
0.00578056
-0.00306211
0.0212387
0.0120411
-0.0150066
0.00407524
0.0042579
0.0110893
-0.0040954
0.00126967
0.00478883
-0.00990597
0.00736715
-0.0227167
-0.0159229
0.0064565
0.0251016
-0.00332631
-0.00714174
-0.00999651
-0.0140276
0.0105134
0.0128668
0.0232424
0.0334893
0.0171546
0.0270959
0.0193388
0.00426617
0.0230295
0.0152501
0.0203271
0.0293516
0.018377
0.0127978
0.0307757
0.0209481
-0.00819326
-0.0543614
0.00422172
-0.0245058
-0.0014455
-0.0228613
0.0395269
0.0126073
0.00593352
-0.00201273
-0.0103206
0.0240231
0.0456545
0.0358851
0.0427183
0.00112559
-0.00245295
-0.0134128
-0.0048368
-0.0493085
-0.0140701
-0.00606713
0.00280727
-0.00581343
0.00526157
0.031678
0.00667024
0.00375929
0.00123464
0.00666018
-0.0119803
0.0394922
0.0211768
-0.0391091
-0.0533285
-0.0673101
-0.00975926
0.0153818
0.0288124
-0.0235231
0.0189643
-0.00899539
-0.00956397
0.0281689
0.0142633
0.014023
0.0291173
0.0120134
-0.018827
0.023819
0.00696773
-0.0117198
-0.0279043
-0.0541233
-0.00585945
0.0399648
0.0253761
-0.0227495
0.0147885
-0.00219273
-0.0135321
-0.04615
-0.0652773
0.0133867
0.0128389
0.0235977
-0.0179229
0.0487357
0.0114582
-0.0257624
-0.0430373
-0.0727895
6.43579e-006
-0.0325886
-0.0409795
-0.0734532
0.0116446
-0.016304
0.0336256
-0.00616228
-0.0715549
-0.0189442
0.0367029
0.0399436
-0.00451652
0.0343199
0.0137104
0.0182476
0.00352478
-0.0587129
-0.0196592
-0.0214622
-0.0135819
-0.0491878
-0.000190738
0.00629439
-0.0241554
-0.00186397
-0.025873
0.0573448
0.0420241
-0.00296871
-0.0445923
0.008316
-0.00881028
-0.0478976
-0.00964016
-0.0458599
0.0188927
0.0156751
-0.0515609
-0.0834848
-0.0277719
-0.0392272
0.0185557
0.0109357
-0.00598166
0.0738095
0.0395363
0.00210031
-0.0127944
0.03904
0.0213255
-0.0239542
-0.00840376
-0.000143487
0.0553653
0.0221645
-0.0366281
-0.0501954
0.0426545
0.0087002
-0.0162983
-0.00549807
-0.0475077
0.0228374
0.000773653
-0.0175881
-0.0448255
0.0085779
0.00188415
-0.0263293
-0.0380645
-0.0522449
-0.0140638
-0.00385667
0.00587569
-0.0257344
0.0395282
-0.0249265
-0.00291097
0.00147811
0.00765671
0.0452476
0.0300085
1.21947e-005
-0.0400826
0.0483875
0.0300096
-0.0143448
-0.0142915
0.000257771
0.013644
0.00736409
0.00883768
-0.0408743
0.0122082
-0.00635703
-0.0301702
-0.0117477
-0.0199436
-0.0137371
0.0138543
0.0234538
-0.0264069
0.00994805
-0.0105752
-0.0306309
-0.00839659
-0.0435642
-0.00570645
0.0157225
0.0018364
-0.0431857
-0.000695642
-0.0302694
-0.00227768
-0.0172695
0.00112181
0.0199486
-0.00565012
0.0177389
-0.017886
0.0030847
-0.00635969
0.0140784
-0.000868295
-0.0284946
-0.00749765
-0.0127436
0.0110231
-0.0266648
-0.00139998
-0.00148968
-0.00564863
-0.00749902
-0.046969
-0.000705478
0.0112189
-0.0092125
-0.0344043
-0.0277083
-0.0419457
-0.00700256
-0.0255547
-0.0634297
-0.0481299
-0.0328096
-0.0275176
-0.0525735
-0.0368402
-0.0190886
0.00267537
0.00196148
-0.0255095
-0.00290994
-0.0212495
0.00827562
-0.0202104
-0.00391113
-0.0112886
-0.0103122
-0.00127399
-0.0340555
-0.0218856
-0.0442716
0.00508146
-0.0161237
0.00684509
-0.0153432
-0.0423029
-0.0113985
-0.0487306
-0.0117613
-0.00408715
0.00266105
-0.0571861
-0.0285835
-0.038233
-0.0604448
-0.0144925
-0.0348527
-0.00281432
-0.0135811
-0.0213747
-0.0587789
-0.0358827
-0.069475
-0.0453849
0.00675149
-0.00569555
0.00350967
-0.00664478
0.0266845
-0.0104445
0.0251717
-0.0278672
-0.0478894
-0.0151467
-0.0127657
-0.00491695
-0.00422018
-0.00102487
-0.0494068
-0.0188793
-0.0405322
-0.0330337
0.000127798
0.000920108
0.00970946
-0.0118744
0.00735744
-0.0188074
0.00810493
-0.0380854
-0.0253032
-0.0133748
-0.0428152
-0.00977414
-0.0135717
-0.00842687
-0.0343373
-0.0100127
-0.0496703
-0.0035827
0.01377
0.0197473
0.0158161
-0.00593241
0.00764165
-0.0211064
0.00953271
-0.00166715
-0.00716475
-0.0032502
-0.0134488
0.00694415
-0.0160446
-0.0148907
-0.0366051
-0.010509
-0.00602917
-0.0250169
0.0228868
0.0017232
0.0524601
0.030105
-0.00233384
-0.00338137
0.0305353
-0.00114703
-0.0465762
0.0052421
0.00617632
0.0314964
0.0181466
-0.024779
-0.0152161
0.00569565
-0.0348488
0.00763219
0.0271948
0.018776
0.037246
0.00257079
0.0287925
0.00515395
0.0351562
0.00175067
-0.0230451
-0.00327163
-0.0175046
0.013896
0.00676814
-0.00644487
0.000679362
-0.0104801
-0.0375369
-0.00438966
0.0166173
0.0116043
0.0228789
0.0132117
0.0516119
0.0213434
0.0338284
0.0177651
-0.0304485
-0.0514952
-0.035815
-0.0215737
-0.0136523
-0.0107858
-0.0317647
-0.0272156
-0.0115577
0.0153202
0.008796
0.0216591
0.031398
0.00587571
0.0465345
0.0215527
0.0375732
0.0167301
-0.0156083
-0.0331594
-0.0379497
-0.0218677
-0.020649
-0.0155649
-0.0222475
-0.00744488
-0.00499117
-0.00986331
-0.0329017
-0.0119133
-0.00143668
-0.00213322
0.0255692
-0.0195091
-0.043585
0.000492071
0.0299013
-0.0701845
-0.0384866
-0.0158515
-0.0259579
-0.0147048
-0.0580405
-0.0807118
0.0204263
-0.000398791
-0.0270434
-0.0218886
-0.00628068
0.00495432
0.03361
-0.000316898
-0.0233477
0.00524233
0.0176452
-0.0904109
-0.0526496
0.0111661
-0.0153442
0.0190532
-0.0526267
-0.0610086
0.0174504
0.073919
-0.0460046
-0.0208601
0.0575746
0.0451187
0.0168086
-0.0525347
-0.0431208
0.0665361
0.0489082
-0.0131391
-0.0121847
0.0378258
0.0343468
0.0468888
-0.00313078
0.00597828
0.0438437
0.056139
-0.0404308
-0.0425162
0.0742619
0.0604807
0.053177
-0.0460077
-0.0514683
0.036443
0.0164209
-0.0191658
-0.0234779
0.0606157
0.0356664
0.0489998
-0.00441534
0.0112836
0.0109403
0.0386535
-0.0114724
-0.0109889
0.0312329
0.047786
0.0372714
0.00534945
-0.0025204
0.0552566
0.0359857
-0.0105328
-0.0147522
0.00992741
-0.00514467
-0.0103363
-0.016274
-0.00379346
0.0331502
0.0129686
-0.0385944
-0.0416426
0.0158105
0.0115968
0.011891
-0.0188555
0.00188911
0.0290667
0.0304998
-0.00461144
-0.0432736
-0.0113795
0.000453152
0.00715376
-0.0121779
-0.00861214
0.0243028
0.0129125
-0.0187401
-0.0185512
-0.00398147
0.0191432
-0.00729754
-0.00428975
-0.0156342
-0.00684763
0.0191207
-0.0102912
-0.00635627
-0.0218465
0.0283213
0.0312985
0.0350957
0.0196387
0.0166338
0.0324593
-0.0257652
-0.0255432
0.015348
0.0249026
0.010213
0.00252553
0.0102053
0.00604837
0.0101286
-0.0301459
-0.00922456
0.00504295
0.0245463
0.0269634
0.0262306
0.0178053
0.0120702
-0.0048164
-0.00501468
-0.02538
-0.0404944
-0.00471257
0.0306311
0.0365943
0.0198385
0.00727247
-0.0125647
0.00844499
-0.0408302
-0.04416
-0.0306633
0.0210838
0.00430612
0.0232287
-0.0132939
-0.0662498
0.00603066
0.0524553
0.0086339
0.00643217
0.0437389
0.0240339
0.00412472
-0.0459552
0.0188105
0.130588
0.0815606
-0.00124117
0.0119058
0.020445
-0.0278183
-0.0192729
-0.0416662
0.0169636
0.0424322
-0.022442
-0.0141005
0.0490071
0.00820577
-0.00880381
0.0305979
0.0066783
0.0361105
0.0487238
-0.0473266
0.0023548
0.0555018
0.0124231
-0.0197284
-0.00461627
-0.0260297
0.090539
0.176806
0.00775179
-0.024324
0.00420525
-0.00663284
-0.0327602
-0.0213849
-0.0452575
0.0159175
0.0829159
-0.0596254
-0.0388601
-0.0128732
-0.0219372
-0.0643819
-0.0671642
-0.0670868
0.0555671
0.0439686
-0.0367052
-0.00832473
0.0329895
0.0341841
-0.0158039
0.0021904
-0.0196264
0.0306568
0.0359759
-0.0505419
-0.00034308
0.00252429
0.0156893
-0.0452633
-0.026333
-0.0163104
0.0492166
0.0863228
-0.025285
-0.000256783
0.00778545
0.0186981
-0.0279916
0.00349567
-0.0540505
0.0176416
0.0530193
-0.0289663
0.0167843
-0.0127377
0.00997575
-0.0261665
0.00982129
-0.0190637
0.0141554
0.0157594
-0.0297087
0.0468106
0.0176373
0.00739448
-0.029859
0.00915981
0.00986845
-0.00371221
-0.018432
-0.0138776
0.0179875
-0.027365
-0.032364
-0.0492629
0.0262406
-0.00124596
0.0188011
0.0590795
-0.00434552
0.037788
-0.0170166
0.0208718
0.00613499
0.0353048
0.00992236
0.0331225
0.0441691
-0.0353234
-0.0100972
-0.0597394
-0.0202403
-0.0198814
0.0180118
0.0246566
-0.00745514
-0.0042647
-0.0177466
0.0251456
0.0050505
-0.000859256
-0.0255898
0.0192339
-0.0082428
-0.032645
-0.0265724
-0.0346289
0.0076677
-0.00269002
0.0014955
-0.0180493
-0.012302
-0.0312476
0.0498987
0.072142
0.000303219
0.00387897
-0.017574
0.03165
0.0213214
0.0481783
0.0151046
0.0316423
0.0485124
-0.0224964
0.0158143
0.0215191
0.0533471
0.0368338
0.061681
0.0104533
-0.00652727
0.011722
-0.00359824
0.015784
-0.00357935
0.0245939
0.0051295
-0.012017
-0.00829243
0.00605449
0.0258229
-0.0455608
0.00633398
-0.0279634
-0.00607499
-0.0324467
-0.0327495
-0.0396737
0.0482876
0.0665819
-0.00649906
0.0307364
0.0431869
0.0753127
0.0280919
0.0274807
0.0224526
0.0178593
0.0102476
-0.0363627
0.00464927
0.0329965
0.0453984
-0.00557289
-0.0304475
-0.00579513
-0.0310328
0.0217127
-0.0428944
-0.0102096
-0.0473504
0.00517611
-0.0333933
-0.0188286
-0.047137
-0.0303585
0.0112852
-0.0340539
-0.0268828
-0.0344211
0.00375631
-0.0367345
-0.00831986
-0.0515708
-0.014975
0.0105056
-0.039298
0.0167669
0.00818614
0.0475286
-0.00546729
-0.0106391
-0.0160006
-0.00187308
0.0179826
-0.00330908
0.0264992
0.0128854
0.0505411
-0.0268009
-0.0205269
-0.010142
-0.0532865
0.00718481
-0.012667
-0.0143685
-0.0279999
0.0136112
-0.0157792
0.0163889
-0.0418087
-0.03616
-0.0187761
-0.0365519
-0.00247488
-0.0242489
0.0047718
-0.0255818
-0.0156196
-0.0557776
-0.00255826
0.00832963
0.00654173
0.0406152
0.0191359
0.0643867
0.0263594
0.0074904
-0.0109409
0.00473415
-0.00233014
0.000329871
0.0156017
0.022447
0.0495099
0.00964086
-0.00280919
-0.0350853
-0.00913957
0.00526511
-0.0271253
-0.00522523
-0.00216189
0.00253234
-0.0193373
0.0115169
-0.0333686
0.00209183
0.00318353
-0.0275395
-0.0141738
-0.0362284
-0.0138729
-0.0332041
0.0149834
-0.0448365
0.0177831
0.0276037
0.00413136
0.0191906
0.029015
0.047676
0.0111899
0.0253779
-0.0386318
0.022177
0.0256305
0.017583
0.0214185
0.00122669
0.0222398
-0.00324343
0.012049
-0.0254725
-0.0133481
0.0206748
0.0181448
0.0105996
-0.0111117
0.0119454
0.021185
0.0315596
-0.0353529
-0.0314558
-0.0167903
-0.0101135
-0.0150483
-0.0435556
-0.0296688
-0.0250602
-0.0297225
-0.0629991
0.0437091
0.0701172
0.0610228
0.0563923
0.0144566
0.070926
0.0597565
0.0553668
-0.00940624
-0.00189471
0.0282036
0.035684
0.0394678
0.00764787
0.0389568
0.0261701
0.0168299
-0.000923395
0.0172444
0.0248145
0.0453308
0.0421759
0.00217379
0.0342511
0.0186013
0.0319801
0.0165688
-0.0130294
-0.0251384
-0.00593936
0.00474237
-0.0401656
-0.0103273
-0.0160105
0.0154368
0.00243192
0.0151809
0.0436862
0.0687725
0.0609027
0.0222157
0.0807407
0.0524851
0.0575454
0.0299927
-0.0310746
-0.0191584
-0.00125924
0.0142838
-0.0210909
-0.00175785
-0.0121309
0.00704932
-0.0168752
-0.00859903
-0.0348283
-0.0347109
-0.0035643
-0.00836405
0.0202321
-0.0115752
-0.0188812
0.00956891
0.0277408
-0.0655444
-0.050696
-0.00343354
-0.0222445
0.0240041
-0.0410993
-0.0641971
0.0449268
-0.0217775
-0.0200524
-0.0212901
0.01397
-0.0111711
0.0307216
-0.0135781
-0.032361
-0.00678479
0.0137382
-0.0695105
-0.0473466
-0.0178465
-0.0327429
0.0243433
-0.0562516
-0.0663799
0.0226265
0.0338011
-0.0469732
-0.0192917
0.0621122
0.0610315
0.0284433
-0.0461627
-0.0764107
0.0285627
0.0438117
-0.0163029
-0.0195085
0.0399031
0.0219765
0.0320979
-0.0216366
-0.0299994
0.041304
0.0593875
-0.0558972
-0.00878189
0.0532987
0.0418275
0.0136804
-0.0478698
-0.0628601
0.0608068
0.0613329
-0.0345942
-0.00998587
0.0453756
0.0518554
0.0247054
-0.0210012
0.000775745
0.055571
0.0067252
-0.0475092
-0.0347979
-0.0165857
-0.0205478
-0.0475234
-0.0601771
-0.0460431
0.0148034
0.0424582
0.0415279
0.00941302
-0.0201676
-0.0312659
-0.0242998
-0.0462411
-0.0212958
0.0083571
0.00164213
-0.0311516
0.0532884
0.0774405
0.068069
0.0253364
-0.0556762
-0.052711
0.00477264
0.0736952
0.167835
0.197791
0.152797
0.0944321
0.0241738
-0.0631901
-0.0411055
-0.0112341
0.0261366
0.00957001
-0.0203981
-0.024864
-0.0228838
-0.018473
-0.0232119
0.0171849
0.0298032
-0.0340955
-0.0295905
-0.0230119
-0.017055
-0.0495112
-0.00793287
-0.000973532
0.0332922
0.049574
0.121711
0.154085
0.104293
0.0358123
0.0174397
0.00604439
-0.0149104
0.0529602
0.0799527
0.0798053
0.0501335
0.0608379
0.0443737
-0.0079854
0.000298395
0.049707
0.162836
0.127113
-0.0712024
0.0774563
0.147134
0.100927
-0.00515515
-0.00497423
0.0113932
0.0131364
-0.0400317
-0.0343926
0.153265
0.1727
0.0556284
-0.0455051
-0.0654098
-0.0752588
-0.069648
-0.117379
-0.0194038
0.0963377
0.22577
0.193124
0.0111468
0.0107021
0.0655903
0.128816
0.0110855
-0.108057
0.0501167
0.160954
0.074244
-0.0655145
-0.0408526
-0.020708
-0.0183225
-0.141048
0.147462
0.254301
0.120358
0.0361155
-0.00498643
-0.028524
-0.0199126
0.0183662
0.00504017
0.0711382
0.137065
-0.0459101
-0.0330111
-0.0499803
-0.0267023
-0.0305599
0.0247392
0.0160978
-0.0318951
0.0633963
0.0216141
-0.0110545
-0.0500792
-0.0182603
-2.35008e-005
0.0109563
-0.0788702
-0.0362248
-0.0253803
-0.0915067
-0.0743775
-0.0913496
-0.0525374
-0.0410471
0.0242745
-0.0232494
0.0558687
0.135623
0.0173089
0.035938
-0.00826066
0.00422303
0.00293087
0.0750602
0.0252443
0.0367108
0.115326
0.033781
0.0376168
-0.0198229
-0.0195755
0.0063871
0.0666269
0.0316068
-0.0300652
0.014224
-0.040996
-0.00674785
-0.0658479
-0.0378335
-0.0139046
0.0457418
-0.0159543
-0.0407953
0.0290743
-0.0109556
-0.0282856
-0.0704227
-0.0494426
-0.0200029
0.0102478
-0.0204389
0.0571755
0.132059
0.0601112
0.0328701
-0.0331194
0.0104236
0.0201997
0.079587
0.0491907
0.0797416
0.125986
0.021073
-0.00574129
-0.0432023
0.0167403
0.0161577
0.0854986
0.0692754
-0.0337479
0.0443562
-0.0109298
-0.030429
-0.0683707
-0.0403161
-0.019711
0.00568508
-0.0484934
0.00762628
0.0484514
-0.0381619
-0.0381452
-0.0400196
-0.00593695
-0.0312125
-0.0270785
-0.0383234
0.105131
0.121027
0.0105669
-0.00614096
-0.0325177
0.00953064
0.0131027
0.0862186
0.0944486
0.112355
0.0832671
-0.024387
0.00135566
-0.000997391
0.0377116
0.0709545
0.13425
0.0951729
0.00554612
0.0275295
-0.0535405
-0.0401502
-0.0373688
0.0103617
-0.0236976
-0.0259356
-0.0477884
-0.00864706
-0.0235902
-0.0712093
-0.0469971
-0.0514006
-0.0117341
-0.00679263
0.0339928
0.00316893
0.072616
0.00830524
-0.0383808
0.0147759
0.011025
0.0357997
0.0099193
0.0813027
0.107517
0.0513075
-0.0165373
-0.0714565
-0.00973571
0.0361427
0.0299039
-0.0105627
0.0425572
0.0924913
-0.0309793
-0.0376475
-0.0499873
-0.00964257
0.000884016
0.00568156
-0.0278101
0.0583895
0.043539
0.0121954
-0.00465396
-0.0418249
-0.0170367
-0.0253874
-0.029091
-0.0576745
0.0462702
0.0616748
0.0241809
-0.00731978
-0.0585529
-0.0240977
-0.00449808
0.00631003
-0.0347025
0.00969267
0.0499582
0.0479388
0.0402039
-0.0113649
-0.00643764
-0.0101468
0.0177984
-0.0484488
-0.0112506
0.0274556
0.00394722
0.0191198
-0.0409668
-0.0710014
-0.047481
-0.0573886
-0.084081
0.0189578
0.0219601
0.0228136
0.0548522
-0.00157423
-0.0452632
-0.0449673
-0.0278817
-0.047313
0.0352004
0.0340942
0.0123139
0.0222649
-0.0244408
-0.0162789
-0.0405726
-0.00801415
-0.0510289
-0.00727269
0.0123516
0.0043762
0.00465622
-0.0582352
-0.0430599
-0.0506946
-0.0375664
-0.0567444
-0.0070774
0.0108492
0.0035471
0.0288103
-0.0158445
-0.0378605
-0.0651377
-0.0377015
-0.0547717
0.0337208
0.0130289
0.0254914
0.0198893
-0.0402445
-0.0537284
-0.0839743
-0.0633658
-0.0716686
0.0607929
0.0310989
-0.00389182
-0.0188345
-0.0393881
-0.0302266
-0.0390908
-0.032393
-0.0643805
-0.0172123
-0.0237904
0.0220534
-0.00964776
-0.0299706
-0.0575505
-0.0639229
-0.0266556
-0.0522782
-0.00474842
0.00306352
0.010646
0.0307261
-0.033659
-0.0273501
-0.0514868
-0.0406678
-0.0612228
0.0569625
0.0302187
0.0679566
0.103201
0.0188585
-0.00854219
-0.0329089
-0.00644327
-0.0236602
0.100084
0.0521513
0.0279483
0.034782
0.0233382
-0.0400331
-0.0605916
-0.00327637
-0.00226525
0.00184356
0.0163544
-0.0491079
-0.0212982
-0.0408613
-0.0838077
-0.078101
-0.028668
-0.0202129
-0.0226668
-0.0319058
0.0905616
0.130417
0.0681528
0.0371553
-0.0186576
0.0488509
0.0451538
0.132113
0.096706
0.0123924
0.0456354
-0.00381714
0.0139043
0.0308215
0.0844264
0.0621747
0.0899114
0.0217292
-0.00544499
0.0207171
0.0186218
0.0224506
0.0588724
0.13237
0.0736026
0.0729481
0.0353971
-0.040566
-0.0602765
-0.0374687
-0.0532851
-0.0324026
-0.0549544
-0.0533397
-0.0441242
-0.0521571
0.0136385
0.0538069
0.0197505
0.0676598
0.0701825
0.154192
0.144833
0.123282
0.0422228
-0.0424246
-0.0471248
-0.0487552
-0.0498139
-0.0237278
-0.0236634
-0.0420222
-0.0481031
-0.044288
0.0253493
-0.00396109
0.0051592
0.021564
-0.00607155
0.0110088
-0.0197834
-0.0447775
-0.00939774
0.027527
-0.0798169
-0.0436604
-0.00232799
-0.00276406
0.0217418
-0.0206069
-0.0665043
0.02169
0.0209975
-0.0133242
-0.000820126
0.0208364
-0.0446429
-0.00358248
-0.0237044
-0.0512478
-0.00567418
0.00343027
-0.111067
-0.0625001
0.000532975
-0.0449445
-0.0216713
-0.0301452
-0.0751648
0.00850536
0.0699085
-0.0726909
-0.0440618
0.0238406
0.0363619
-0.00705695
-0.0618034
-0.0818543
0.0559711
0.0373203
-0.0797892
-0.045617
0.0456664
0.0415139
0.00615342
-0.0551352
-0.0204232
0.0668406
0.049958
-0.10378
-0.0611293
0.0135434
0.0372854
0.00304403
-0.0573091
-0.0362091
0.068916
0.0539626
-0.0537249
-0.0686565
0.0336588
0.0190478
0.00883303
-0.0357999
-0.00992794
0.0513513
-0.0494874
-0.0857097
-0.00349887
0.0532172
0.07702
0.0241406
-0.0467494
-0.0613847
-0.0160193
-0.0354128
0.115989
0.171674
0.16599
0.124236
0.0908872
0.0409449
-0.0111345
-0.0856425
-0.0404114
-0.0867475
-0.0496606
0.0280476
0.0533804
0.0417684
-0.00611509
-0.0480355
-0.0354971
-0.0577886
-0.0251312
0.0444089
0.091025
0.103788
0.143915
0.184391
0.112756
-0.00552416
0.0504738
0.129288
0.122499
0.0860017
0.017565
0.0317652
0.0155166
0.0397582
0.0170819
0.0552888
0.0485648
0.0518829
0.0246259
-0.0711579
-0.022751
0.0347566
0.0918375
0.0628246
0.0461172
0.0375648
0.0379349
0.0230792
-0.00471314
0.0641077
0.101855
0.123618
0.0505551
0.0973595
0.0933221
0.0159161
-0.00313242
-0.0753337
0.0108248
0.0629272
0.0535655
0.0607103
-0.0240016
0.0654877
0.185858
0.164879
0.0210431
0.0938173
0.131482
0.11848
-0.0144164
-0.158756
-0.047351
0.0470871
0.0505642
-0.0246461
0.0404791
0.0377111
-0.00969376
-0.154707
0.00832172
0.109041
0.122479
0.107778
0.02499
0.15104
0.178579
0.0627884
-0.0186718
-0.133989
-0.0233356
0.0266061
0.0285455
-0.035003
0.0590261
0.0446111
-0.038269
-0.149383
-0.0389869
0.0237948
0.0600957
0.0629825
0.0626894
0.0896372
0.0836689
0.0754682
-0.0173121
-0.0188468
-0.0170551
-0.0239978
-0.0326642
-0.0509527
-0.0188506
0.000995038
0.0495221
-0.000719977
-0.0190433
0.0566332
0.0826695
0.0790299
0.058424
0.0565506
0.0645869
0.0255024
-0.0419401
-0.0196601
0.00897352
-0.0171543
-0.0458404
-0.0675051
-0.0363905
-0.0343481
-0.0158495
-0.0115985
0.00430758
0.0409065
0.0060821
-0.00622536
-0.0490447
-0.000591036
0.0176631
0.0836943
0.0117019
-0.0145309
0.0414404
0.0146808
-0.0226396
-0.0613997
-0.0220835
0.0217143
0.0432226
-0.00126495
0.0201408
0.0419916
-0.0268838
-0.0436421
-0.0657051
-0.0203326
-0.0497458
0.0125552
0.00427959
0.0209999
0.035431
-0.020911
-0.0567088
-0.0772528
-0.0458059
-0.0172559
0.0049708
0.000193947
-0.029006
0.0563182
0.0438365
0.0417606
-0.0136241
0.0349009
0.0258709
0.0660362
-0.0295316
-0.0256397
0.0436425
0.0119401
0.0436964
0.0440527
0.0501271
0.0224754
0.027562
-0.0491151
-0.0115868
0.0541447
0.0243264
0.020541
-0.0347765
0.00966457
0.0187943
0.0218664
-0.0535448
-0.0732919
0.00630769
0.0329496
0.0543284
0.0320041
0.0176699
0.0203289
0.0180343
-0.0540816
-0.0530315
0.0438744
0.00716686
0.0511493
0.057623
0.0667528
0.0322336
0.00575181
-0.0683973
-0.0519029
0.0282954
0.00794726
0.0561836
0.0398924
0.0475684
0.0411746
0.0443084
-0.0451482
-0.0914665
0.0114172
0.0119471
0.0657698
0.0485065
0.0352315
0.0310409
0.027352
-0.0772301
-0.0372909
0.0606201
0.0345559
0.0682393
0.061031
0.0519458
0.0211919
0.0343121
-0.0211888
-0.0735486
-0.0223492
0.000642092
0.0454302
0.0342062
0.0382222
-0.0222551
0.0233638
-0.0182042
0.0188457
0.035349
0.0016039
0.0247989
0.00894509
-0.00913248
-0.0355988
0.0610902
0.0393426
-0.0280826
0.00586822
-0.00589375
0.0517413
0.0454658
0.0357179
-0.0297618
-0.00386267
-0.0257968
0.0237678
0.0216535
-0.0332815
0.00235524
0.00520815
0.0134999
-0.0378915
0.0374188
0.0281558
0.00207974
0.0298645
-0.0320894
-0.0432483
-0.0549921
-0.0638013
-0.0809335
0.0281164
0.0180791
0.0164885
0.0452143
0.00593032
-0.0216471
-0.0307518
-0.0267982
-0.0126948
0.0723674
0.0479448
0.00723326
-0.00661089
-0.0723186
-0.0566433
-0.0788757
-0.0683361
-0.0663205
0.0492382
0.00658436
0.0330064
0.0443883
-0.0374606
-0.0417705
-0.055192
-0.0338732
-0.0233235
0.0840668
0.0314871
-0.029718
0.00886959
-0.00166375
-0.0280249
-0.057959
-0.0266834
-0.0199031
0.0436408
-0.00157461
0.0216512
0.0172025
-0.0258956
-0.0448261
-0.0815175
-0.0493287
-0.0512563
0.04835
0.0354063
0.00197933
0.0185466
-0.0328356
-0.0370372
-0.0578768
-0.028107
-0.00544585
0.0549841
0.00797733
0.0433002
0.0615136
-0.0567292
-0.0574017
-0.0748397
-0.0551366
-0.0410766
0.0361392
0.0331993
0.00951578
0.0226881
-0.0277845
-0.0521494
-0.0821813
-0.0491557
-0.0741578
0.000395873
0.0273067
0.0979958
0.0602477
-0.00368231
-0.0302396
-0.0682443
-0.0221618
-0.0252137
0.0468039
0.085831
0.0419089
0.0204352
-0.0637155
-0.0578086
-0.0827721
-0.0586792
-0.0610036
0.0136361
0.0337782
0.072729
0.0531862
-0.0347852
-0.0447817
-0.0587011
-0.0317358
-0.0142609
0.0697201
0.0830994
0.0833179
0.0699817
0.00585028
0.0174935
-0.0146898
0.0286646
0.00974463
0.0620565
0.0797134
-0.0171416
0.000175513
-0.0250039
0.00663339
0.0422646
0.0356355
-0.021322
0.0124598
-0.0263132
0.0676196
0.0792823
0.00444868
0.0200774
-0.0106336
0.020015
0.0312615
0.0857635
0.0495729
-0.0203964
0.0286919
-0.008164
0.0444359
0.0284016
-0.0131061
-0.0312418
-0.00391433
-0.035783
0.0103961
0.0302919
0.0363757
0.127069
0.127827
0.185222
0.0952109
0.0616611
0.00798109
-0.0449197
-0.0664602
-0.0666871
-0.0541069
-0.0283737
-0.0355744
-0.0485392
-0.0830784
-0.057759
0.00135763
0.0451032
0.104675
0.193721
0.107996
0.107786
0.0427029
0.0231031
0.00263508
-0.0576711
-0.0844021
-0.0570335
-0.0207913
-0.0260631
-0.051131
-0.0722658
-0.100753
-0.0801778
0.0258607
-0.00961698
0.0149977
0.0398647
-0.0240582
0.0271781
0.00986017
-0.013188
0.00364436
0.0145467
-0.105454
-0.038134
0.0257678
-0.0336273
0.0121648
-0.0147337
-0.0501427
0.0202431
0.00925656
-0.0150403
0.0113151
0.0383149
-0.0158712
0.0302206
0.00763038
-0.0237548
-0.00865825
0.0263125
-0.0835564
-0.0107417
0.00785118
-0.0443275
-0.0119659
-0.0682338
-0.0893297
0.0160893
0.0749297
-0.0538626
-0.0275065
0.0288214
0.0382455
0.019271
-0.0395106
-0.0282166
0.0705491
0.0591866
-0.0122477
-0.0593585
0.0247727
0.00178362
0.0363582
-0.0326993
0.00109135
0.0396981
0.037071
-0.0410894
-0.0274969
0.055115
0.0337188
0.0471148
-0.0546389
-0.0545553
0.0408628
0.0383755
-0.010054
-0.0333529
0.0328657
-0.00426567
0.0410617
-0.0356295
-0.00378591
0.0425489
-0.00459362
-0.0328601
-0.0608697
0.0161035
0.0485256
0.0762038
0.0351524
-0.00485592
-0.0215619
-0.00125717
-0.0336703
-0.0409191
0.00785649
0.0742023
0.131494
0.189397
0.184034
0.0679019
-0.0253981
-0.0441413
-0.0639066
-0.0204722
0.0115698
0.0344059
-0.00592196
-0.00608648
0.00398016
-0.00513596
-0.027403
-0.0479001
0.0262435
0.00758359
0.0155316
0.00587851
0.0674881
0.0405761
0.115518
0.0401139
-0.00395743
-0.0060899
-0.00668345
0.0118618
0.0822962
0.17555
0.120672
0.146456
0.153462
0.0342184
0.00403796
-0.0303395
0.046577
0.0436148
0.0470097
0.0634244
0.0218222
-0.0107446
-0.0316026
0.00880599
0.00877446
-0.0117097
-0.0439604
0.0319508
0.0411394
0.0457623
0.0187238
-0.0179932
0.0038824
-0.0115635
0.00470075
-0.0328424
-0.0244158
-0.0362592
0.0478609
0.104674
0.0560068
-0.00184627
-0.00589157
0.165732
0.198663
0.0696799
-0.0174427
-0.107575
-0.00614137
-0.0241549
-0.0549873
-0.0807012
0.0494322
0.128988
0.0525943
-0.093695
-0.0250961
-0.00566972
-0.00232142
-0.00923025
0.0129417
0.0916628
0.135373
0.0705343
-0.0563165
-0.0913791
-0.0727773
-0.064816
-0.0643023
-0.0370589
0.0521459
0.157235
0.143747
0.00399357
-0.0688126
0.0319353
0.00437233
-0.00797281
-0.0578518
-0.00966668
0.0184098
0.0669887
-0.0477513
-0.0325281
0.0156938
-0.0473915
-0.0604236
-0.0783556
-0.0911656
-0.108326
-0.0368823
-0.0475968
0.0197462
0.00294203
-0.0144317
-0.0186174
-0.0148227
0.0324127
0.132908
0.265533
0.1426
0.0248736
0.0160528
-0.0332022
-0.0363122
-0.0404857
-0.0729789
-0.0491701
0.170388
0.08844
-0.0113656
0.0359535
-0.03895
-0.0401145
-0.0479445
-0.0573461
-0.0754872
-0.0106059
-0.0325031
-0.018754
0.0221478
-0.0539856
-0.0483048
-0.0655757
-0.0546132
-0.0305996
0.0154756
-0.0405185
0.0434234
0.0518617
-0.00620489
0.00117528
0.015862
-0.0160435
-0.00111779
0.152549
0.0688628
0.0423432
0.0599305
0.00771949
-0.0283075
-0.0146675
0.0199243
0.0228046
0.111307
0.0380026
-0.0496227
0.0103019
-0.0310072
-0.0377227
-0.0700072
-0.0281824
-0.0140541
0.0258664
-0.0497957
-0.0452062
-0.0162395
-0.0177404
-0.0235257
-0.0434066
-0.0493991
-0.0339937
0.0229073
-0.0211737
0.040428
0.0444751
0.0210911
-0.0115883
-0.0291048
0.0229332
0.0343466
0.104571
0.0428334
0.0850686
0.0666
0.0356845
0.0120817
-0.00761591
-0.000535131
0.0194995
0.118037
0.0894073
-0.0527949
-0.0190697
-0.00505527
-0.0153739
-0.0587732
-0.0683139
-0.0521212
0.0127034
-0.0185355
-0.0169433
0.0374491
0.00383991
-0.00703679
-0.0387022
-0.044493
-0.0613293
-0.00941687
-0.0123918
0.096048
0.0522121
0.0323039
0.012745
-0.022234
-0.0185459
0.00468247
0.132067
0.0940709
0.106019
0.112895
0.0801844
0.06745
0.0167388
0.00266082
-0.0223904
0.100251
0.095873
0.0233575
0.0459437
-0.00427813
0.00670776
-0.0066102
-0.0163174
-0.067938
-0.0314302
-0.0102465
0.0519584
0.019506
-0.0576774
-0.0306924
-0.0245653
-0.0359975
-0.0657544
-0.0269256
-0.0048367
0.119943
0.0831075
0.0383076
0.059948
0.0144886
0.0119132
-0.04224
0.00470569
0.0482024
0.0903292
0.0502178
-0.0157956
0.0227234
0.0191323
-0.00617179
-0.0681506
-0.0282449
0.0388627
0.0402488
0.0225422
-0.0674909
-0.0468778
-0.0642164
-0.0737403
-0.0514553
0.026144
0.00984153
0.0293022
0.0248896
-0.0426233
-0.0401291
-0.0620927
-0.0478759
-0.0175374
0.082899
0.0283273
0.0487908
0.0102318
-0.038613
0.010779
-0.0135833
-0.0244767
-0.0433713
-0.0106006
0.0167034
0.030315
-0.0163209
-0.042048
0.00240654
-0.0102581
-0.0131764
-0.0208775
0.019337
0.0286707
0.0256143
0.0122848
-0.0471163
-0.0543377
-0.0508675
-0.0194197
-0.0308317
0.0587914
0.0278778
0.0421038
0.0498367
-0.0819216
-0.0472105
-0.0572784
-0.0455661
-0.0552875
0.0411853
0.0589247
0.00345672
-0.0360361
-0.0594451
-0.0281372
-0.0208924
-0.0251326
-0.0558552
0.0012256
0.00174656
-0.00881481
-0.0603839
-0.0810303
-0.0189555
-0.03831
-0.0432045
-0.0756775
-0.0242203
-0.00168975
0.0538502
0.0441773
-0.0673003
-0.0161218
-0.0252387
-0.0294065
-0.0528659
0.0389335
0.0583643
0.0532059
0.0754361
-0.0316439
-0.0161538
0.00715239
-0.00646145
-0.0122717
0.0900508
0.0850189
-0.0342983
-0.0423221
-0.06243
-0.0252845
-0.0283039
-0.030305
-0.0510035
-0.0130654
-0.00528933
-0.0261835
-0.0245196
-0.0488696
-0.0423065
-0.0454569
-0.0720393
-0.0669179
-0.00410809
0.0202076
0.0772454
0.139191
0.0501188
0.0420755
0.0128984
0.0722708
0.0670315
0.145485
0.0996059
0.0135359
0.080652
0.053071
0.07557
0.0250677
0.0221467
0.022281
0.0466563
0.00336971
-0.0176627
0.0163921
-0.0058063
-0.00929222
-0.0361928
-0.0241185
-0.00577021
0.0646255
0.0169338
-0.0676539
-0.0243351
-0.0102392
-0.0295866
-0.0605248
-0.0577661
-0.0436418
-0.0467314
-0.0753276
0.0171382
0.0815144
0.147321
0.178346
0.0564514
0.0861652
0.0563848
0.0331987
0.00429104
-0.0565352
-0.0544594
-0.0366488
-0.0130509
-0.0230766
-0.0303467
-0.0426839
-0.0625384
-0.0492245
0.0101676
0.0530673
0.111853
0.126691
0.0252034
0.0421242
0.0436862
-0.0146893
-0.0343157
-0.0685347
-0.0744419
-0.0262548
-0.00232214
-0.0359195
-0.0352574
-0.0682527
-0.0820173
-0.080121
-0.0076654
-0.0314885
-0.00261418
0.0302441
-0.00839289
0.0238048
-0.0112817
-0.0343784
0.0194025
0.0181459
-0.0820526
-0.00847246
0.0241353
-0.0172407
-0.0207564
-0.0727606
-0.0880315
0.0219787
0.00200107
-0.0495792
0.00582833
0.0416927
0.00179723
0.0199291
-0.0225088
-0.0312153
0.0187749
0.016203
-0.0734902
-0.0100956
0.00886816
-0.0283912
-0.00939866
-0.0662447
-0.0918781
0.0199471
0.0252295
-0.0437748
-0.0481271
0.0510224
0.0447056
0.0513393
-0.0350985
-0.0437529
0.0319845
0.0217517
0.0231544
-0.00601687
0.0333702
0.017998
0.0277139
-0.0139076
-0.00465234
0.0249982
0.0501525
-0.0450431
-0.0416633
0.0412314
0.0587724
0.0319708
-0.0237761
-0.0423565
0.0552866
0.0499817
-0.00263493
0.00543328
0.0370563
0.0139202
0.034437
-0.00127011
-0.0155986
0.0398251
0.00837754
-0.00526884
-0.0101097
0.0318586
0.011376
0.0226031
0.00635021
-0.00875237
0.0188435
0.00519208
-0.019118
0.00888906
0.036834
0.0208274
0.0160334
-0.0218955
-0.00610109
0.0129863
0.035834
-0.0222186
0.0113106
0.0328817
-0.0121355
0.00660588
0.000140307
-0.0229135
0.0352335
0.0183517
-0.0385219
0.00882839
0.0188362
-0.0184352
0.00988429
-0.0140271
-0.00457851
0.0237627
0.000662833
-0.0193251
-0.00815128
0.0190092
0.0488151
0.0315843
-0.0219723
-0.0139592
0.0122309
0.00289826
-0.011187
-0.00625155
0.0331366
0.0412577
0.0170693
-0.033143
-0.0378987
-0.0153152
0.0201605
-0.0402238
-0.00651652
-0.00430818
0.0136896
0.00783494
-0.0211097
0.000257015
0.0281344
0.0473128
-0.000994082
0.00665256
0.0140818
0.0310236
-0.00087128
-0.0463813
-0.0021012
0.0370563
-0.0344348
0.014133
0.023864
0.0598431
0.0435098
0.0259258
0.0282078
0.0122055
-0.0575671
-0.0405735
-0.0170548
0.00300041
0.0118268
0.0139877
0.00653865
0.058402
0.0862581
0.0120685
0.0147
0.00723797
0.0239479
0.0129112
0.0049439
-0.0400716
-0.0472444
-0.00445709
0.0135623
-0.0243141
0.00874148
0.0265133
0.00446335
-0.0396496
-0.0304695
-0.0529916
-0.00838995
-0.0468312
-0.0132744
-0.00428143
-0.0116506
-0.00647477
-0.010163
-0.0202854
-0.000364776
0.148976
0.0855278
-0.0355939
-0.0466168
-0.0396128
0.0036163
0.00469991
-0.0385549
-0.0616077
0.0915462
0.0340253
0.00661893
0.0385866
0.0187564
0.00589802
0.0219297
-0.0121968
-0.0386745
0.0295602
-0.00866108
-0.00489331
-0.00185117
-0.00771409
0.0311581
0.0525529
0.00776862
-0.0554804
0.0537824
0.0165571
-0.0443663
-0.0087192
-0.0233405
0.0343558
0.0235855
-0.0130127
-0.0377586
0.0789239
0.0413421
-0.0358758
0.00230365
-0.0401969
-0.0099268
-0.0167963
0.00053439
-0.0456257
0.0249338
0.00598345
0.00443081
-0.00622849
-0.00763305
0.0756501
0.0599408
0.010978
-0.0445785
0.0558276
0.0474738
-0.0330225
-0.0162156
-0.0305232
0.0183467
0.0146087
-0.015776
-0.0739415
0.0137427
0.0499657
-0.0109533
0.0363159
0.00514791
0.0129795
-0.0181842
0.0135837
-0.0356607
0.0369949
0.017576
0.0286656
0.0289609
0.0204761
0.0234712
-0.0156023
-0.0154434
-0.0128891
0.0464672
0.0543455
-0.0165372
-0.00155568
-0.0323099
0.015343
0.0155615
0.0171876
-0.0429776
-0.00800625
0.0057167
-0.00227176
0.0227953
-0.0303684
-0.00406848
0.0125483
0.0123226
-0.0160581
-0.0140734
0.0204109
0.00501698
0.0153992
0.0277553
0.0466389
0.0116192
0.0165473
0.0164206
0.0911046
0.042226
0.00667951
0.034693
0.0441256
0.0802958
0.0487996
0.0162822
-0.0084605
0.0590702
0.0146339
-0.00114044
0.0132332
-0.00934505
0.0159971
0.0114785
0.016489
-0.00331184
0.00855409
0.0284796
-0.0260854
0.00517667
-0.00462265
0.0224426
-0.013479
0.00986158
-0.0283973
-0.0136676
-0.0143806
0.0303228
0.0327101
0.0424461
0.066701
0.0333277
0.0226896
0.00148535
0.0635618
0.0380892
0.025022
-0.0135392
-0.0200157
0.035547
0.00309666
0.00899723
-0.0252851
0.0230162
0.0159767
0.0026466
0.00819365
0.00316109
0.00614908
-0.00678974
0.0129129
-0.0068121
0.00325432
0.0113871
-0.0253665
-0.0257642
-0.0345812
-0.00147435
-0.0250952
-0.00499149
-0.0305815
-0.000294995
0.0187036
-0.00531044
0.0021218
-0.00215178
0.0527331
0.0279478
0.0179473
-0.0219823
0.0190841
-0.0204172
-0.0265664
-0.0175718
-0.0232054
0.0306583
0.00870907
0.00590548
-0.011302
0.0240206
-0.0227019
-0.0389739
0.000517331
-0.0120724
0.0179477
-0.0180726
-0.0229398
-0.02613
-0.00206331
-0.0199494
-0.0673545
0.0148686
-0.0404262
-0.00730772
-0.0451876
-0.0599066
-0.0295136
0.0066996
-0.0368098
-0.0350575
-0.00594563
0.00689859
0.0618066
0.0217012
0.00735933
-0.0170094
0.0312849
0.00319054
-0.0408895
-0.0091959
0.0118825
0.0658752
0.0231565
0.029963
-0.0100783
8.50676e-005
-0.0159611
-0.0767834
0.00991724
-0.040073
-0.0106071
-0.0462597
-0.0291757
-0.0169243
0.015972
-0.0466222
-0.0712817
-0.0185507
-0.0374522
-0.0115689
-0.0306605
-0.0056914
-0.0296734
-0.0173108
-0.0212726
-0.0430205
0.0264912
0.0475539
0.0574076
0.0311931
0.0430677
-0.000368033
0.0206405
0.00473156
-0.0267707
-0.000817552
0.0136544
0.0344439
-0.0140027
0.00874014
0.00118213
0.0291063
0.0149983
-0.0255918
-0.00207252
-0.013839
-0.00589693
-0.0153516
-0.00894542
-0.0184825
-0.0146781
-0.00909302
-0.0278587
-0.0209147
-0.0396855
-0.00940075
-0.0431684
-0.0247906
-0.0481528
0.00301191
0.00556764
0.00390412
0.0653234
0.0668278
0.0959748
0.024972
0.0666906
0.0658272
0.109371
0.0345233
-0.0247081
0.042635
0.0448347
0.0433825
-0.00278981
0.0105041
0.0459494
0.037941
-0.0132979
-0.00468445
0.0251375
0.0222251
0.0463606
-0.00552981
0.022806
0.0351647
0.0348556
0.0051345
-0.0670798
-0.035275
-0.0181757
-0.0112295
-0.0138537
-0.0142609
-0.0114756
-0.000938175
-0.0452926
0.0248885
0.0444206
0.0775114
0.0954467
0.0220425
0.0571327
0.0734443
0.0349168
0.00658654
-0.034694
-0.0182472
0.000946504
0.0364331
0.00210607
-0.0210559
-0.0398177
-0.0481577
-0.0470858
-0.00416829
-0.012753
0.0235137
0.044254
0.0108585
0.0213292
0.0446225
0.0413739
0.0143022
-0.0140548
-0.0188297
-0.0226517
-0.00310563
-0.0235635
-0.018112
-0.0053253
-0.0188438
-0.0304191
0.0124814
-0.0182687
0.00864508
0.0275519
0.00912997
0.000307806
-0.0330672
-0.0504302
-0.0112237
0.0420355
-0.0378238
-0.04359
0.0159269
-0.0158826
-0.00690758
-0.0401271
-0.0803334
0.0184985
0.0163632
-0.0186923
-0.0152902
0.0260622
-0.0012986
-0.00674083
-0.0206993
-0.0231422
-0.00142427
0.0151176
-0.073569
-0.06984
-0.00523135
-0.0442153
-0.0341534
-0.0434539
-0.0859202
0.0244521
0.0679206
-0.0477154
-0.053549
0.0272936
0.0635033
0.0288354
-0.0204269
-0.0481409
0.0613449
0.0359908
-0.0207511
-0.0216145
0.0427311
0.0193185
0.0475489
0.00575223
-0.027788
0.0217515
0.0821478
-0.0540994
-0.0823145
-0.00245824
0.0506581
0.0336985
-0.0383362
-0.0403358
0.0792862
0.0690157
0.00381004
-0.0216072
0.0365427
0.0400384
0.0544042
0.0133963
-0.00254866
0.0654981
0.0387297
-0.0246306
0.0055223
0.040607
-0.0359192
0.0188026
0.0126214
-0.020562
0.036616
0.021765
-0.0260072
-0.0116203
0.0219304
-0.0391239
0.0254034
0.0125877
0.00806702
0.0286473
0.0663701
-0.0371062
-0.0149405
0.0431823
-0.00983907
0.0315899
0.0152336
-0.0051256
0.0502281
0.0546934
-0.024735
-0.0236561
0.0486331
0.00672469
0.0420926
0.0193199
0.0244448
0.0526356
0.0252805
-0.0363939
-0.0190421
0.00791713
0.0104547
0.0116414
-0.0139808
0.00534871
0.0229802
0.0292755
0.0051915
-0.00614443
0.007627
0.0084759
-0.00815137
-0.0465368
-0.00336769
0.0320886
0.0510678
-0.038893
-0.00462726
0.0498993
0.0455471
0.0343186
-0.00956753
-0.00594047
0.0470999
0.0293164
-0.0123212
-0.00736625
0.0285211
0.024358
0.0227487
-0.0347395
-0.0221005
0.0403491
0.0381828
0.0384775
0.0437892
0.0298795
0.0121675
0.00260948
-0.00951778
0.0269711
0.0288733
0.00212831
0.00913434
0.0176324
0.0273102
-0.0382016
-0.0267733
-0.0375722
-0.00765949
-0.0199149
0.0443201
0.0312507
0.0341364
0.038916
0.029224
0.0363221
0.0127375
0.0216297
0.0345417
0.00594903
-0.0123089
-0.0189263
-0.0146276
-0.0303014
-0.0115536
-0.00582584
0.00777698
0.0194839
0.0114977
0.040243
0.0308146
0.0354049
0.0175745
0.00826638
-0.0122785
0.0136522
-0.00599721
-0.0207632
0.00166637
-0.0147949
0.0117903
0.0335607
0.0145925
-0.0422011
-0.00446475
-0.0270731
0.0198239
0.0205786
-0.00314224
0.00331634
0.0116503
0.00449208
-0.0386177
0.00429797
0.0317692
-0.0169132
-0.0151841
-0.0138636
0.00768992
0.012571
0.0196112
-0.0532146
-0.0288276
0.0150876
0.017585
0.00230381
-0.00181348
0.0368506
0.0496266
0.0189344
-0.04687
0.010735
0.0170682
-0.000549519
-0.00509778
-0.0433401
0.00950563
-0.00823773
-0.0431241
-0.0499855
0.000649541
0.0167637
0.0175078
0.00720852
-0.027086
-0.00220141
0.020779
0.0292568
-0.0304986
-0.00771042
0.0170382
0.00830764
-0.0199252
-0.073023
-0.0244814
-0.0031188
-0.0203901
-0.0466951
0.00196341
0.00281804
0.0111034
0.0192958
-0.0204287
0.0451226
0.0454435
0.0231637
-0.0234447
-0.00128492
-0.0125721
0.00246817
0.0240364
-0.0335945
0.0159713
0.0341924
0.0431771
-0.00876554
-0.00939213
-0.0232251
0.0177637
-0.00505546
-0.0506879
0.0362695
0.0454859
0.0137567
-0.0261801
0.00453653
0.00232267
0.00445589
-0.00800561
-0.0502396
0.00379832
0.00246398
-0.00331869
-0.0472619
-0.0103943
-0.0202645
0.0259546
0.053524
-0.00783676
0.010908
0.0171818
0.0585171
0.00964215
0.0337608
0.0215189
-0.00842911
0.0335235
-0.0164841
-0.0023109
-0.0040312
0.0332694
0.00515671
0.0126337
-0.0131604
0.0158331
0.0211147
-0.015112
-0.0065575
-0.0153264
0.00706343
-0.0372011
-0.00100371
-0.000230695
-0.0401412
0.000658794
-0.0363052
-0.0295793
-0.00668727
-0.017671
-0.0624619
-0.0087452
-0.0210177
-0.0101345
0.036431
-0.000325811
0.0105371
-0.00864814
0.024858
-0.00590722
-0.00568888
-0.018526
-0.0241784
-0.00315797
-0.0283167
0.0171456
0.00822024
0.0301334
-0.0139189
-0.0149287
-0.0098877
0.000885253
-0.025158
-0.0455923
-0.000224929
0.00355151
-0.014797
-0.0163312
0.00514761
-0.00802242
-0.00203649
-0.0229249
-0.0548791
0.0122669
0.0157253
0.0118374
-0.0482056
-0.00874104
-0.00255589
-0.0277135
-0.000160026
-0.0144563
0.0233228
0.00887314
0.0169379
-0.00708041
-0.0118956
-0.0364906
-0.0170778
0.0277013
-0.0189275
-0.0121087
-0.0379376
-0.0199061
-0.0120255
-0.0174499
-0.0443788
-0.000446746
-0.0160353
-0.0425834
0.000987845
0.0134337
0.0142229
-0.0293683
-0.017519
0.0074036
0.00419107
-0.0437306
-0.0728345
-0.0483923
-0.044582
-0.0259731
-0.0426398
-0.0186924
-0.0120379
-0.0301685
0.0190054
-0.0165973
-0.0024452
-0.0160525
0.0103703
0.0103855
-0.00644109
-0.0421998
-0.036735
-0.00545599
-0.0282993
0.00538234
-0.00386628
0.0104527
-0.0191926
-0.0177169
-0.0384136
-0.0359987
-0.0425168
-0.0533427
-0.0166196
-0.0405273
-0.00253254
-0.0259866
-0.0173277
-0.0297213
-0.0445051
-0.0343106
-0.0332098
-0.0126446
-0.040643
-0.0100321
-0.032515
-0.0396483
-0.039561
0.0188008
0.0128836
-0.0192202
0.00996102
0.0125379
0.0231858
-0.0139713
0.0141461
0.00313846
0.0218813
-0.0105795
-0.0553736
-0.018997
-0.0333161
-0.00274399
-0.00666073
0.0162648
0.0014913
-0.0119248
-0.0135218
-0.040366
-0.00283154
-0.0190211
0.00523968
-0.0306564
-0.0220599
-0.0231932
-0.0354917
-0.0335714
-0.0896334
-0.0344595
-0.019798
-0.00181996
-0.0332751
-0.0120718
-0.0135555
0.0344074
0.0300642
0.012643
0.0334135
-0.00308082
0.0324957
0.0436538
0.0656673
0.00703926
-0.0293188
-0.00950031
0.00053096
-0.00977911
0.000930165
0.000520146
-0.00171509
0.0117644
-0.0541973
0.0281554
0.0253126
-0.00178869
0.0281321
0.0060344
0.0355707
0.0304768
0.0546604
0.00829543
-0.0222162
0.00264726
0.00227704
0.008558
0.0256834
0.0196181
-0.00175559
0.0220346
-0.042177
0.00089454
0.0172703
0.032751
0.0300605
0.00631003
0.0325664
0.0401127
0.0236922
0.00834147
-0.0187061
-0.0219825
-0.00836062
0.00217631
-0.0192589
-0.0165962
-0.0321994
-0.0247792
-0.02136
-0.00972347
0.0289374
0.0309803
0.0520463
0.0199046
0.0304019
0.0305005
0.0235463
-0.00232633
-0.0172181
-0.0432427
-0.010418
0.00416423
-0.0255759
-0.0207126
-0.0641555
-0.0534743
-0.013811
0.0182248
-0.0390589
0.0114023
0.0512374
0.0115974
-0.000607329
-0.0370372
-0.0242751
-0.00116234
0.0266751
-0.109147
-0.0573988
-0.0163478
-0.0109648
-0.0165386
-0.0412428
-0.0747703
0.031878
0.00755947
-0.0769136
-0.00525232
0.0385696
-0.0159948
-0.000332
-0.0639961
-0.0540791
-0.0160969
0.0339794
-0.120168
-0.077503
-0.0377884
-0.0511933
-0.00611131
-0.0626949
-0.0910298
0.0152117
-3.9026
